,beta,gamma,sse
0,0.01,0.02,2997410.822972457
1,0.01,0.03,16751516.811799165
2,0.02,0.03,2997263.2056678487
3,0.01,0.04,60887209.27832289
4,0.02,0.04,16753034.746443527
5,0.03,0.04,2997106.524307399
6,0.01,0.05,131814525.90919751
7,0.02,0.05,60890195.44967508
8,0.03,0.05,16754596.578308787
9,0.04,0.05,2996940.788112591
10,0.01,0.060000000000000005,226291639.70742387
11,0.02,0.060000000000000005,131818802.39045629
12,0.03,0.060000000000000005,60893270.53073189
13,0.04,0.060000000000000005,16756202.315149983
14,0.05,0.060000000000000005,2996766.0066090124
15,0.01,0.07,341392728.8986875
16,0.02,0.07,226297046.13858667
17,0.03,0.07,131823205.81406023
18,0.04,0.07,60896434.52796807
19,0.05,0.07,16757851.964975607
20,0.060000000000000005,0.07,2996582.1896266034
21,0.01,0.08,474478775.329932
22,0.02,0.08,341399120.83465767
23,0.03,0.08,226302611.42227536
24,0.04,0.08,131827736.18536851
25,0.05,0.08,60899687.448069625
26,0.060000000000000005,0.08,16759545.536048567
27,0.07,0.08,2996389.3472993625
28,0.01,0.09,623171024.5472552
29,0.02,0.09,474486022.74249727
30,0.03,0.09,341405698.1693466
31,0.04,0.09,226308335.56287983
32,0.05,0.09,131832393.50991476
33,0.060000000000000005,0.09,60903029.29793273
34,0.07,0.09,16761283.036884874
35,0.08,0.09,2996187.490065613
36,0.01,0.09999999999999999,785326865.1316571
37,0.02,0.09999999999999999,623179010.4665271
38,0.03,0.09999999999999999,474493477.406748
39,0.04,0.09999999999999999,341412460.9062989
40,0.05,0.09999999999999999,226314218.56493023
41,0.060000000000000005,0.09999999999999999,131837177.79340434
42,0.07,0.09999999999999999,60906460.08466385
43,0.08,0.09999999999999999,16763064.476254549
44,0.09,0.09999999999999999,2995976.6286678202
45,0.01,0.10999999999999999,959017907.0240769
46,0.02,0.10999999999999999,785335484.4139639
47,0.03,0.10999999999999999,623187221.3902404
48,0.04,0.10999999999999999,474501139.3254993
49,0.05,0.10999999999999999,341419409.0491738
50,0.060000000000000005,0.10999999999999999,226320260.43309784
51,0.07,0.10999999999999999,131842089.04171798
52,0.08,0.10999999999999999,60909979.81558019
53,0.09,0.10999999999999999,16764889.863181772
54,0.09999999999999999,0.10999999999999999,2995756.7741525234
55,0.01,0.11999999999999998,1142510058.6914372
56,0.02,0.11999999999999998,959027065.2344881
57,0.03,0.11999999999999998,785344342.8773273
58,0.04,0.11999999999999998,623195657.3205745
59,0.05,0.11999999999999998,474509008.50165343
60,0.060000000000000005,0.11999999999999998,341426542.6017444
61,0.07,0.11999999999999998,226326461.17219633
62,0.08,0.11999999999999998,131847127.26090772
63,0.09,0.11999999999999998,60913588.49820855
64,0.09999999999999999,0.11999999999999998,16766759.20694351
65,0.10999999999999999,0.11999999999999998,2995527.937870523
66,0.01,0.12999999999999998,1334245421.2603593
67,0.02,0.12999999999999998,1142519671.09024
68,0.03,0.12999999999999998,959036473.6893852
69,0.04,0.12999999999999998,785353440.523377
70,0.05,0.12999999999999998,623204318.2597802
71,0.060000000000000005,0.12999999999999998,474517084.9382057
72,0.07,0.12999999999999998,341433861.5678977
73,0.08,0.12999999999999998,226332820.78717947
74,0.09,0.12999999999999998,131852292.45720027
75,0.09999999999999999,0.12999999999999998,60917286.14028752
76,0.10999999999999999,0.12999999999999998,16768672.517071236
77,0.11999999999999998,0.12999999999999998,2995290.1314766207
78,0.01,0.13999999999999999,1532825834.3445373
79,0.02,0.13999999999999999,1334255411.8837996
80,0.03,0.13999999999999999,1142529542.0925524
81,0.04,0.13999999999999999,959046132.3899277
82,0.05,0.13999999999999999,785362777.3537998
83,0.060000000000000005,0.13999999999999999,623213204.2101772
84,0.07,0.13999999999999999,474525368.63824135
85,0.08,0.13999999999999999,341441365.9516361
86,0.09,0.13999999999999999,226339339.28314364
87,0.09999999999999999,0.13999999999999999,131857584.63699389
88,0.10999999999999999,0.13999999999999999,60921072.74976425
89,0.11999999999999998,0.13999999999999999,16770629.80335014
90,0.12999999999999998,0.13999999999999999,2995043.366929788
91,0.01,0.15,1736997923.3697004
92,0.02,0.15,1532836135.1710434
93,0.03,0.15,1334265667.1261117
94,0.04,0.15,1142539671.6991227
95,0.05,0.15,959056041.3373123
96,0.060000000000000005,0.15,785372353.3703349
97,0.07,0.15,623222315.1741565
98,0.08,0.15,474533859.6049352
99,0.09,0.15,341449055.75707424
100,0.09999999999999999,0.15,226346016.6653248
101,0.10999999999999999,0.15,131863003.80686113
102,0.11999999999999998,0.15,60924948.33479825
103,0.12999999999999998,0.15,16772631.075818256
104,0.13999999999999999,0.15,2994787.6564930677
105,0.01,0.16,1945639511.896586
106,0.02,0.16,1737008473.5636425
107,0.03,0.16,1532846704.606308
108,0.04,0.16,1334276186.9876986
109,0.05,0.16,1142550059.9107332
110,0.060000000000000005,0.16,959066200.5327787
111,0.07,0.16,785382168.5747737
112,0.08,0.16,623231651.1541821
113,0.09,0.16,474542557.84155583
114,0.09999999999999999,0.16,341456930.98844177
115,0.10999999999999999,0.16,226352852.93910223
116,0.11999999999999998,0.16,131868549.97354837
117,0.12999999999999998,0.16,60928912.903757595
118,0.13999999999999999,0.16,16774676.34476831
119,0.15,0.16,2994523.0127334814
120,0.01,0.17,2157747274.884464
121,0.02,0.17,1945650257.122366
122,0.03,0.17,1737019294.6112156
123,0.04,0.17,1532857542.6504412
124,0.05,0.17,1334286971.4689834
125,0.060000000000000005,0.17,1142560706.7281938
126,0.07,0.17,959076609.977606
127,0.08,0.17,785392222.9689655
128,0.09,0.17,623241212.1527863
129,0.09999999999999999,0.17,474551463.35145986
130,0.10999999999999999,0.17,341464991.65008235
131,0.11999999999999998,0.17,226359848.10999498
132,0.12999999999999998,0.17,131874223.1439733
133,0.13999999999999999,0.17,60932966.46522169
134,0.15,0.17,16776765.620745698
135,0.16,0.17,2994249.448522146
136,0.01,0.18000000000000002,2372425520.140811
137,0.02,0.18000000000000002,2157758166.6843987
138,0.03,0.18000000000000002,1945661273.9486632
139,0.04,0.18000000000000002,1737030386.512278
140,0.05,0.18000000000000002,1532868649.3035579
141,0.060000000000000005,0.18000000000000002,1334298020.5704057
142,0.07,0.18000000000000002,1142571612.1523378
143,0.08,0.18000000000000002,959087269.6731106
144,0.09,0.18000000000000002,785402516.5548117
145,0.09999999999999999,0.18000000000000002,623250998.1725767
146,0.10999999999999999,0.18000000000000002,474560576.1380966
147,0.11999999999999998,0.18000000000000002,341473237.74645495
148,0.12999999999999998,0.18000000000000002,226367002.18366522
149,0.13999999999999999,0.18000000000000002,131880023.32522887
150,0.15,0.18000000000000002,60937109.02797961
151,0.16,0.18000000000000002,16778898.91455003
152,0.17,0.18000000000000002,2993966.9770341795
153,0.01,0.19000000000000003,2588875995.471446
154,0.02,0.19000000000000003,2372436515.3708935
155,0.03,0.19000000000000003,2157769329.5511694
156,0.04,0.19000000000000003,1945672562.3751273
157,0.05,0.19000000000000003,1737041749.2666862
158,0.060000000000000005,0.19000000000000003,1532880024.5657861
159,0.07,0.19000000000000003,1334309334.2924256
160,0.08,0.19000000000000003,1142582776.184032
161,0.09,0.19000000000000003,959098179.6206503
162,0.09999999999999999,0.19000000000000003,785413049.3342674
163,0.10999999999999999,0.19000000000000003,623261009.2162268
164,0.11999999999999998,0.19000000000000003,474569896.2050054
165,0.12999999999999998,0.19000000000000003,341481669.28213084
166,0.13999999999999999,0.19000000000000003,226374315.1659143
167,0.15,0.19000000000000003,131885950.52457877
168,0.16,0.19000000000000003,60941340.60103225
169,0.17,0.19000000000000003,16781076.23723448
170,0.18000000000000002,0.19000000000000003,2993675.6117486665
171,0.01,0.20000000000000004,2806388628.3748255
172,0.02,0.20000000000000004,2588887055.789612
173,0.03,0.20000000000000004,2372447780.044739
174,0.04,0.20000000000000004,2157780763.4842434
175,0.05,0.20000000000000004,1945684122.4013915
176,0.060000000000000005,0.20000000000000004,1737053382.874303
177,0.07,0.20000000000000004,1532891668.4372635
178,0.08,0.20000000000000004,1334320912.6355188
179,0.09,0.20000000000000004,1142594198.8241692
180,0.09999999999999999,0.20000000000000004,959109339.8216264
181,0.10999999999999999,0.20000000000000004,785423821.3093448
182,0.11999999999999998,0.20000000000000004,623271245.2864832
183,0.12999999999999998,0.20000000000000004,474579423.55581737
184,0.13999999999999999,0.20000000000000004,341490286.2617957
185,0.15,0.20000000000000004,226381787.06268635
186,0.16,0.20000000000000004,131892004.74946246
187,0.17,0.20000000000000004,60945661.19358872
188,0.18000000000000002,0.20000000000000004,16783297.600105517
189,0.19000000000000003,0.20000000000000004,2993375.3664486054
190,0.01,0.21000000000000005,3024333113.6006103
191,0.02,0.21000000000000005,2806399719.7768545
192,0.03,0.21000000000000005,2588898383.007021
193,0.04,0.21000000000000005,2372459314.1616635
194,0.05,0.21000000000000005,2157792468.4830747
195,0.060000000000000005,0.21000000000000005,1945695954.0270991
196,0.07,0.21000000000000005,1737065287.3349895
197,0.08,0.21000000000000005,1532903580.9181347
198,0.09,0.21000000000000005,1334332755.6001806
199,0.09999999999999999,0.21000000000000005,1142605880.073666
200,0.10999999999999999,0.21000000000000005,959120750.2774737
201,0.11999999999999998,0.21000000000000005,785434832.4821048
202,0.12999999999999998,0.21000000000000005,623281706.3861661
203,0.13999999999999999,0.21000000000000005,474589158.19425267
204,0.15,0.21000000000000005,341499088.6902496
205,0.16,0.21000000000000005,226389417.8800667
206,0.17,0.21000000000000005,131898186.00749084
207,0.18000000000000002,0.21000000000000005,60950070.81506975
208,0.19000000000000003,0.21000000000000005,16785563.01472357
209,0.20000000000000004,0.21000000000000005,2993066.2552210665
210,0.01,0.22000000000000006,3242151271.5943327
211,0.02,0.22000000000000006,3024344205.9992666
212,0.03,0.22000000000000006,2806411074.759541
213,0.04,0.22000000000000006,2588909977.1228685
214,0.05,0.22000000000000006,2372471117.720972
215,0.060000000000000005,0.22000000000000006,2157804444.5471125
216,0.07,0.22000000000000006,1945708057.2518759
217,0.08,0.22000000000000006,1737077462.648615
218,0.09,0.22000000000000006,1532915762.008555
219,0.09999999999999999,0.22000000000000006,1334344863.1869183
220,0.10999999999999999,0.22000000000000006,1142617819.9334733
221,0.11999999999999998,0.22000000000000006,959132410.9896717
222,0.12999999999999998,0.22000000000000006,785446082.8546696
223,0.13999999999999999,0.22000000000000006,623292392.5181624
224,0.15,0.22000000000000006,474599100.12412345
225,0.16,0.22000000000000006,341508076.5724074
226,0.17,0.22000000000000006,226397207.62428057
227,0.18000000000000002,0.22000000000000006,131904494.30644873
228,0.19000000000000003,0.22000000000000006,60954569.47510551
229,0.20000000000000004,0.22000000000000006,16787872.492902257
230,0.21000000000000005,0.22000000000000006,2992748.2924569
231,0.01,0.23000000000000007,3459350107.848106
232,0.02,0.23000000000000007,3242162338.437718
233,0.03,0.23000000000000007,3024355558.0150867
234,0.04,0.23000000000000007,2806422693.321973
235,0.05,0.23000000000000007,2588921838.136329
236,0.060000000000000005,0.23000000000000007,2372483190.7219534
237,0.07,0.23000000000000007,2157816691.6757965
238,0.08,0.23000000000000007,1945720432.075356
239,0.09,0.23000000000000007,1737089908.8150427
240,0.09999999999999999,0.23000000000000007,1532928211.7086883
241,0.10999999999999999,0.23000000000000007,1334357235.3962665
242,0.11999999999999998,0.23000000000000007,1142630018.4045649
243,0.12999999999999998,0.23000000000000007,959144321.9597387
244,0.13999999999999999,0.23000000000000007,785457572.4292082
245,0.15,0.23000000000000007,623303303.6854322
246,0.16,0.23000000000000007,474609249.3493325
247,0.17,0.23000000000000007,341517249.9132967
248,0.18000000000000002,0.23000000000000007,226405156.30169657
249,0.19000000000000003,0.23000000000000007,131910929.65429288
250,0.20000000000000004,0.23000000000000007,60959157.18353723
251,0.21000000000000005,0.23000000000000007,16790226.04670853
252,0.22000000000000006,0.23000000000000007,2992421.4928508652
253,0.01,0.24000000000000007,3675495509.536537
254,0.02,0.24000000000000007,3459361125.773612
255,0.03,0.24000000000000007,3242173660.4029236
256,0.04,0.24000000000000007,3024367169.6470804
257,0.05,0.24000000000000007,2806434575.463228
258,0.060000000000000005,0.24000000000000007,2588933966.046567
259,0.07,0.24000000000000007,2372495533.163889
260,0.08,0.24000000000000007,2157829209.8685594
261,0.09,0.24000000000000007,1945733078.4971635
262,0.09999999999999999,0.24000000000000007,1737102625.834146
263,0.10999999999999999,0.24000000000000007,1532940930.0187066
264,0.11999999999999998,0.24000000000000007,1334369872.2287672
265,0.12999999999999998,0.24000000000000007,1142642475.487947
266,0.13999999999999999,0.24000000000000007,959156483.1892307
267,0.15,0.24000000000000007,785469301.2079508
268,0.16,0.24000000000000007,623314439.891007
269,0.17,0.24000000000000007,474619605.87387455
270,0.18000000000000002,0.24000000000000007,341526608.71805954
271,0.19000000000000003,0.24000000000000007,226413263.9188233
272,0.20000000000000004,0.24000000000000007,131917492.05915448
273,0.21000000000000005,0.24000000000000007,60963833.95041613
274,0.22000000000000006,0.24000000000000007,16792623.68846334
275,0.23000000000000007,0.24000000000000007,2992085.871401625
276,0.01,0.25000000000000006,3890206521.5957336
277,0.02,0.25000000000000006,3675506458.057105
278,0.03,0.25000000000000006,3459372393.8925495
279,0.04,0.25000000000000006,3242185237.4888988
280,0.05,0.25000000000000006,3024379040.8942413
281,0.060000000000000005,0.25000000000000006,2806446721.1823626
282,0.07,0.25000000000000006,2588946360.852729
283,0.08,0.25000000000000006,2372508145.046045
284,0.09,0.25000000000000006,2157841999.1248217
285,0.09999999999999999,0.25000000000000006,1945745996.5169203
286,0.10999999999999999,0.25000000000000006,1737115613.705794
287,0.11999999999999998,0.25000000000000006,1532953916.9387937
288,0.12999999999999998,0.25000000000000006,1334382773.6849875
289,0.13999999999999999,0.25000000000000006,1142655191.1846478
290,0.15,0.25000000000000006,959168894.6797463
291,0.16,0.25000000000000006,785481269.1931753
292,0.17,0.25000000000000006,623325801.1379898
293,0.18000000000000002,0.25000000000000006,474630169.7018317
294,0.19000000000000003,0.25000000000000006,341536152.9919525
295,0.20000000000000004,0.25000000000000006,226421530.4823098
296,0.21000000000000005,0.25000000000000006,131924181.52933574
297,0.22000000000000006,0.25000000000000006,60968599.78600298
298,0.23000000000000007,0.25000000000000006,16795065.43074117
299,0.24000000000000007,0.25000000000000006,2991741.4434116837
300,0.01,0.26000000000000006,4103150149.6549497
301,0.02,0.26000000000000006,3890217382.815427
302,0.03,0.26000000000000006,3675517651.495868
303,0.04,0.26000000000000006,3459383912.2038183
304,0.05,0.26000000000000006,3242197069.69457
305,0.060000000000000005,0.26000000000000006,3024391171.755542
306,0.07,0.26000000000000006,2806459130.4784184
307,0.08,0.26000000000000006,2588959022.553948
308,0.09,0.26000000000000006,2372521026.367673
309,0.09999999999999999,0.26000000000000006,2157855059.443999
310,0.10999999999999999,0.26000000000000006,1945759186.1342454
311,0.11999999999999998,0.26000000000000006,1737128872.429862
312,0.12999999999999998,0.26000000000000006,1532967172.4691422
313,0.13999999999999999,0.26000000000000006,1334395939.7655125
314,0.15,0.26000000000000006,1142668165.4957294
315,0.16,0.26000000000000006,959181556.432925
316,0.17,0.26000000000000006,785493476.3872198
317,0.18000000000000002,0.26000000000000006,623337387.4295515
318,0.19000000000000003,0.26000000000000006,474640940.8373809
319,0.20000000000000004,0.26000000000000006,341545882.740346
320,0.21000000000000005,0.26000000000000006,226429955.99894845
321,0.22000000000000006,0.26000000000000006,131930998.07331596
322,0.23000000000000007,0.26000000000000006,60973454.70076901
323,0.24000000000000007,0.26000000000000006,16797551.286369234
324,0.25000000000000006,0.26000000000000006,2991388.224487261
325,0.01,0.2700000000000001,4314036642.003192
326,0.02,0.2700000000000001,4103160908.0111322
327,0.03,0.2700000000000001,3890228483.4062905
328,0.04,0.2700000000000001,3675529089.851688
329,0.05,0.2700000000000001,3459395680.706297
330,0.060000000000000005,0.2700000000000001,3242209157.0188475
331,0.07,0.2700000000000001,3024403562.229938
332,0.08,0.2700000000000001,2806471803.350413
333,0.09,0.2700000000000001,2588971951.149337
334,0.09999999999999999,0.2700000000000001,2372534177.1280212
335,0.10999999999999999,0.2700000000000001,2157868390.825497
336,0.11999999999999998,0.2700000000000001,1945772647.3487513
337,0.12999999999999998,0.2700000000000001,1737142402.006227
338,0.13999999999999999,0.2700000000000001,1532980696.6099517
339,0.15,0.2700000000000001,1334409370.4709392
340,0.16,0.2700000000000001,1142681398.4222767
341,0.17,0.2700000000000001,959194468.4504409
342,0.18000000000000002,0.2700000000000001,785505922.7924726
343,0.19000000000000003,0.2700000000000001,623349198.7689365
344,0.20000000000000004,0.2700000000000001,474651919.2847874
345,0.21000000000000005,0.2700000000000001,341555797.9687238
346,0.22000000000000006,0.2700000000000001,226438540.4756723
347,0.23000000000000007,0.2700000000000001,131937941.69974296
348,0.24000000000000007,0.2700000000000001,60978398.7053963
349,0.25000000000000006,0.2700000000000001,16800081.26842883
350,0.26000000000000006,0.2700000000000001,2991026.230538474
351,0.01,0.2800000000000001,4522615207.110957
352,0.02,0.2800000000000001,4314047284.032854
353,0.03,0.2800000000000001,4103171899.984892
354,0.04,0.2800000000000001,3890239823.367163
355,0.05,0.2800000000000001,3675540773.12341
356,0.060000000000000005,0.2800000000000001,3459407699.398841
357,0.07,0.2800000000000001,3242221499.46061
358,0.08,0.2800000000000001,3024416212.3163567
359,0.09,0.2800000000000001,2806484739.7973514
360,0.09999999999999999,0.2800000000000001,2588985146.6379967
361,0.10999999999999999,0.2800000000000001,2372547597.326313
362,0.11999999999999998,0.2800000000000001,2157881993.268711
363,0.12999999999999998,0.2800000000000001,1945786380.16005
364,0.13999999999999999,0.2800000000000001,1737156202.4347658
365,0.15,0.2800000000000001,1532994489.3614345
366,0.16,0.2800000000000001,1334423065.8018868
367,0.17,0.2800000000000001,1142694889.9654078
368,0.18000000000000002,0.2800000000000001,959207630.7340145
369,0.19000000000000003,0.2800000000000001,785518608.411376
370,0.20000000000000004,0.2800000000000001,623361235.159462
371,0.21000000000000005,0.2800000000000001,474663105.048409
372,0.22000000000000006,0.2800000000000001,341565898.6826846
373,0.23000000000000007,0.2800000000000001,226447283.91955298
374,0.24000000000000007,0.2800000000000001,131945012.41743955
375,0.25000000000000006,0.2800000000000001,60983431.81077701
376,0.26000000000000006,0.2800000000000001,16802655.390254363
377,0.2700000000000001,0.2800000000000001,2990655.477779081
378,0.01,0.2900000000000001,4728670127.169979
379,0.02,0.2900000000000001,4522625721.238969
380,0.03,0.2900000000000001,4314058153.77647
381,0.04,0.2900000000000001,4103183125.575053
382,0.05,0.2900000000000001,3890251402.6968565
383,0.060000000000000005,0.2900000000000001,3675552701.309846
384,0.07,0.2900000000000001,3459419968.28028
385,0.08,0.2900000000000001,3242234097.0187254
386,0.09,0.2900000000000001,3024429122.013714
387,0.09999999999999999,0.2900000000000001,2806497939.818216
388,0.10999999999999999,0.2900000000000001,2588998609.0190115
389,0.11999999999999998,0.2900000000000001,2372561286.961768
390,0.12999999999999998,0.2900000000000001,2157895866.7730336
391,0.13999999999999999,0.2900000000000001,1945800384.5677476
392,0.15,0.2900000000000001,1737170273.7153618
393,0.16,0.2900000000000001,1533008550.7238078
394,0.17,0.2900000000000001,1334437025.7589905
395,0.18000000000000002,0.2900000000000001,1142708640.1262631
396,0.19000000000000003,0.2900000000000001,959221043.285401
397,0.20000000000000004,0.2900000000000001,785531533.2464297
398,0.21000000000000005,0.2900000000000001,623373496.6045108
399,0.22000000000000006,0.2900000000000001,474674498.13269216
400,0.23000000000000007,0.2900000000000001,341576184.88794076
401,0.24000000000000007,0.2900000000000001,226456186.33780736
402,0.25000000000000006,0.2900000000000001,131952210.23540324
403,0.26000000000000006,0.2900000000000001,60988554.028011724
404,0.2700000000000001,0.2900000000000001,16805273.665433608
405,0.2800000000000001,0.2900000000000001,2990275.982726678
406,0.01,0.3000000000000001,4932017231.697591
407,0.02,0.3000000000000001,4728680503.517229
408,0.03,0.3000000000000001,4522636457.076147
409,0.04,0.3000000000000001,4314069251.232858
410,0.05,0.3000000000000001,4103194584.7804165
411,0.060000000000000005,0.3000000000000001,3890263221.394168
412,0.07,0.3000000000000001,3675564874.4097934
413,0.08,0.3000000000000001,3459432487.3494277
414,0.09,0.3000000000000001,3242246949.6920333
415,0.09999999999999999,0.3000000000000001,3024442291.320903
416,0.10999999999999999,0.3000000000000001,2806511403.4119773
417,0.11999999999999998,0.3000000000000001,2589012338.2914534
418,0.12999999999999998,0.3000000000000001,2372575246.033592
419,0.13999999999999999,0.3000000000000001,2157910011.337843
420,0.15,0.3000000000000001,1945814660.5714502
421,0.16,0.3000000000000001,1737184615.8478951
422,0.17,0.3000000000000001,1533022880.697301
423,0.18000000000000002,0.3000000000000001,1334451250.342904
424,0.19000000000000003,0.3000000000000001,1142722648.906014
425,0.20000000000000004,0.3000000000000001,959234706.106399
426,0.21000000000000005,0.3000000000000001,785544697.3001833
427,0.22000000000000006,0.3000000000000001,623385983.1075416
428,0.23000000000000007,0.3000000000000001,474686098.54217464
429,0.24000000000000007,0.3000000000000001,341586656.5903176
430,0.25000000000000006,0.3000000000000001,226465247.73779058
431,0.26000000000000006,0.3000000000000001,131959535.16280021
432,0.2700000000000001,0.3000000000000001,60993765.368413
433,0.2800000000000001,0.3000000000000001,16807936.107807845
434,0.2900000000000001,0.3000000000000001,2989887.762202435
435,0.01,0.3100000000000001,5132500698.510031
436,0.02,0.3100000000000001,4932027461.907184
437,0.03,0.3100000000000001,4728691095.509794
438,0.04,0.3100000000000001,4522647414.621304
439,0.05,0.3100000000000001,4314080576.400808
440,0.060000000000000005,0.3100000000000001,4103206277.599758
441,0.07,0.3100000000000001,3890275279.457861
442,0.08,0.3100000000000001,3675577292.4220247
443,0.09,0.3100000000000001,3459445256.605068
444,0.09999999999999999,0.3100000000000001,3242260057.4793515
445,0.10999999999999999,0.3100000000000001,3024455720.2367926
446,0.11999999999999998,0.3100000000000001,2806525130.5775795
447,0.12999999999999998,0.3100000000000001,2589026334.4543715
448,0.13999999999999999,0.3100000000000001,2372589474.5409756
449,0.15,0.3100000000000001,2157924426.9625106
450,0.16,0.3100000000000001,1945829208.1707544
451,0.17,0.3100000000000001,1737199228.8322506
452,0.18000000000000002,0.3100000000000001,1533037479.282155
453,0.19000000000000003,0.3100000000000001,1334465739.554298
454,0.20000000000000004,0.3100000000000001,1142736916.3058593
455,0.21000000000000005,0.3100000000000001,959248619.1988449
456,0.22000000000000006,0.3100000000000001,785558100.5752445
457,0.23000000000000007,0.3100000000000001,623398694.6720808
458,0.24000000000000007,0.3100000000000001,474697906.2814864
459,0.25000000000000006,0.3100000000000001,341597313.79575753
460,0.26000000000000006,0.3100000000000001,226474468.12699986
461,0.2700000000000001,0.3100000000000001,131966987.20897336
462,0.2800000000000001,0.3100000000000001,60999065.84350294
463,0.2900000000000001,0.3100000000000001,16810642.73147176
464,0.3000000000000001,0.3100000000000001,2989490.833331293
465,0.01,0.3200000000000001,5329990152.3303175
466,0.02,0.3200000000000001,5132510775.589876
467,0.03,0.3200000000000001,4932037901.675338
468,0.04,0.3200000000000001,4728701903.146502
469,0.05,0.3200000000000001,4522658593.873236
470,0.060000000000000005,0.3200000000000001,4314092129.279088
471,0.07,0.3200000000000001,4103218204.031826
472,0.08,0.3200000000000001,3890287576.886683
473,0.09,0.3200000000000001,3675589955.3452826
474,0.09999999999999999,0.3200000000000001,3459458276.045971
475,0.10999999999999999,0.3200000000000001,3242273420.379485
476,0.11999999999999998,0.3200000000000001,3024469408.7602386
477,0.12999999999999998,0.3200000000000001,2806539121.3139563
478,0.13999999999999999,0.3200000000000001,2589040597.5068054
479,0.15,0.3200000000000001,2372603972.4830976
480,0.16,0.3200000000000001,2157939113.6464014
481,0.17,0.3200000000000001,1945844027.3652582
482,0.18000000000000002,0.3200000000000001,1737214112.6683197
483,0.19000000000000003,0.3200000000000001,1533052346.478613
484,0.20000000000000004,0.3200000000000001,1334480493.3938644
485,0.21000000000000005,0.3200000000000001,1142751442.3270273
486,0.22000000000000006,0.3200000000000001,959262782.5646155
487,0.23000000000000007,0.3200000000000001,785571743.0742726
488,0.24000000000000007,0.3200000000000001,623411631.3017275
489,0.25000000000000006,0.3200000000000001,474709921.3553468
490,0.26000000000000006,0.3200000000000001,341608156.5103112
491,0.2700000000000001,0.3200000000000001,226483847.5130742
492,0.2800000000000001,0.3200000000000001,131974566.38343774
493,0.2900000000000001,0.3200000000000001,61004455.46501299
494,0.3000000000000001,0.3200000000000001,16813393.55077287
495,0.3100000000000001,0.3200000000000001,2989085.213541769
496,0.01,0.3300000000000001,5524378033.988579
497,0.02,0.3300000000000001,5330000070.5106
498,0.03,0.3300000000000001,5132521056.149528
499,0.04,0.3300000000000001,4932048551.000885
500,0.05,0.3300000000000001,4728712926.426144
501,0.060000000000000005,0.3300000000000001,4522669994.830707
502,0.07,0.3300000000000001,4314103909.866443
503,0.08,0.3300000000000001,4103230364.0753503
504,0.09,0.3300000000000001,3890300113.679351
505,0.09999999999999999,0.3300000000000001,3675602863.178297
506,0.10999999999999999,0.3300000000000001,3459471545.670874
507,0.11999999999999998,0.3300000000000001,3242287038.3912053
508,0.12999999999999998,0.3300000000000001,3024483356.8900723
509,0.13999999999999999,0.3300000000000001,2806553375.620022
510,0.15,0.3300000000000001,2589055127.447778
511,0.16,0.3300000000000001,2372618739.8591275
512,0.17,0.3300000000000001,2157954071.3888674
513,0.18000000000000002,0.3300000000000001,1945859118.154552
514,0.19000000000000003,0.3300000000000001,1737229267.3559866
515,0.20000000000000004,0.3300000000000001,1533067482.2869344
516,0.21000000000000005,0.3300000000000001,1334495511.8623044
517,0.22000000000000006,0.3300000000000001,1142766226.9707687
518,0.23000000000000007,0.3300000000000001,959277196.2056276
519,0.24000000000000007,0.3300000000000001,785585624.7999811
520,0.25000000000000006,0.3300000000000001,623424793.0001513
521,0.26000000000000006,0.3300000000000001,474722143.7685651
522,0.2700000000000001,0.3300000000000001,341619184.7401492
523,0.2800000000000001,0.3300000000000001,226493385.903792
524,0.2900000000000001,0.3300000000000001,131982272.69588009
525,0.3000000000000001,0.3300000000000001,61009934.24488619
526,0.3100000000000001,0.3300000000000001,16816188.580312505
527,0.3200000000000001,0.3300000000000001,2988670.9205659768
528,0.01,0.34000000000000014,5715577215.620282
529,0.02,0.34000000000000014,5524387788.592725
530,0.03,0.34000000000000014,5330010186.1262245
531,0.04,0.34000000000000014,5132531540.187832
532,0.05,0.34000000000000014,4932059409.882636
533,0.060000000000000005,0.34000000000000014,4728724165.347491
534,0.07,0.34000000000000014,4522681617.492458
535,0.08,0.34000000000000014,4314115918.1615925
536,0.09,0.34000000000000014,4103242757.729034
537,0.09999999999999999,0.34000000000000014,3890312889.8345647
538,0.10999999999999999,0.34000000000000014,3675616015.9197664
539,0.11999999999999998,0.34000000000000014,3459485065.478499
540,0.12999999999999998,0.34000000000000014,3242300911.5132704
541,0.13999999999999999,0.34000000000000014,3024497564.6251063
542,0.15,0.34000000000000014,2806567893.494667
543,0.16,0.34000000000000014,2589069924.2762976
544,0.17,0.34000000000000014,2372633776.668221
545,0.18000000000000002,0.34000000000000014,2157969300.189257
546,0.19000000000000003,0.34000000000000014,1945874480.538227
547,0.20000000000000004,0.34000000000000014,1737244692.8951442
548,0.21000000000000005,0.34000000000000014,1533082886.7073846
549,0.22000000000000006,0.34000000000000014,1334510794.9603486
550,0.23000000000000007,0.34000000000000014,1142781270.2383668
551,0.24000000000000007,0.34000000000000014,959291860.1238381
552,0.25000000000000006,0.34000000000000014,785599745.7551405
553,0.26000000000000006,0.34000000000000014,623438179.7710929
554,0.2700000000000001,0.34000000000000014,474734573.526044
555,0.2800000000000001,0.34000000000000014,341630398.4915529
556,0.2900000000000001,0.34000000000000014,226503083.30707437
557,0.3000000000000001,0.34000000000000014,131990106.15616125
558,0.3100000000000001,0.34000000000000014,61015502.19527394
559,0.3200000000000001,0.34000000000000014,16819027.83494505
560,0.3300000000000001,0.34000000000000014,2988247.9724396695
561,0.01,0.35000000000000014,5903518839.493155
562,0.02,0.35000000000000014,5715586802.948185
563,0.03,0.35000000000000014,5524397734.644277
564,0.04,0.35000000000000014,5330020499.176052
565,0.05,0.35000000000000014,5132542227.703608
566,0.060000000000000005,0.35000000000000014,4932070478.31937
567,0.07,0.35000000000000014,4728735619.9093
568,0.08,0.35000000000000014,4522693461.857216
569,0.09,0.35000000000000014,4314128154.163231
570,0.09999999999999999,0.35000000000000014,4103255384.991559
571,0.10999999999999999,0.35000000000000014,3890325905.350994
572,0.11999999999999998,0.35000000000000014,3675629413.568368
573,0.12999999999999998,0.35000000000000014,3459498835.4675426
574,0.13999999999999999,0.35000000000000014,3242315039.744415
575,0.15,0.35000000000000014,3024512031.964134
576,0.16,0.35000000000000014,2806582674.936771
577,0.17,0.35000000000000014,2589084987.991349
578,0.18000000000000002,0.35000000000000014,2372649082.909519
579,0.19000000000000003,0.35000000000000014,2157984800.0469084
580,0.20000000000000004,0.35000000000000014,1945890114.5158687
581,0.21000000000000005,0.35000000000000014,1737260389.2856872
582,0.22000000000000006,0.35000000000000014,1533098559.740237
583,0.23000000000000007,0.35000000000000014,1334526342.6887336
584,0.24000000000000007,0.35000000000000014,1142796572.1311347
585,0.25000000000000006,0.35000000000000014,959306774.321245
586,0.26000000000000006,0.35000000000000014,785614105.9425693
587,0.2700000000000001,0.35000000000000014,623451791.6183628
588,0.2800000000000001,0.35000000000000014,474747210.63277316
589,0.2900000000000001,0.35000000000000014,341641797.77091724
590,0.3000000000000001,0.35000000000000014,226512939.73098308
591,0.3100000000000001,0.35000000000000014,131998066.77431497
592,0.3200000000000001,0.35000000000000014,61021159.3285385
593,0.3300000000000001,0.35000000000000014,16821911.329778075
594,0.34000000000000014,0.35000000000000014,2987816.387502105
595,0.01,0.36000000000000015,6088150360.116924
596,0.02,0.36000000000000015,5903528256.715519
597,0.03,0.36000000000000015,5715596575.810769
598,0.04,0.36000000000000015,5524407872.142118
599,0.05,0.36000000000000015,5330031009.658924
600,0.060000000000000005,0.36000000000000015,5132553118.695657
601,0.07,0.36000000000000015,4932081756.309851
602,0.08,0.36000000000000015,4728747290.110294
603,0.09,0.36000000000000015,4522705527.923672
604,0.09999999999999999,0.36000000000000015,4314140617.870035
605,0.10999999999999999,0.36000000000000015,4103268245.861578
606,0.11999999999999998,0.36000000000000015,3890339160.227293
607,0.12999999999999998,0.36000000000000015,3675643056.12276
608,0.13999999999999999,0.36000000000000015,3459512855.6366825
609,0.15,0.36000000000000015,3242329423.08335
610,0.16,0.36000000000000015,3024526758.9059277
611,0.17,0.36000000000000015,2806597719.9451895
612,0.18000000000000002,0.36000000000000015,2589100318.591917
613,0.19000000000000003,0.36000000000000015,2372664658.5821514
614,0.20000000000000004,0.36000000000000015,2158000570.96115
615,0.21000000000000005,0.36000000000000015,1945906020.087054
616,0.22000000000000006,0.36000000000000015,1737276356.527512
617,0.23000000000000007,0.36000000000000015,1533114501.385776
618,0.24000000000000007,0.36000000000000015,1334542155.048221
619,0.25000000000000006,0.36000000000000015,1142812132.6504073
620,0.26000000000000006,0.36000000000000015,959321938.7998807
621,0.2700000000000001,0.36000000000000015,785628705.3651464
622,0.2800000000000001,0.36000000000000015,623465628.5458456
623,0.2900000000000001,0.36000000000000015,474760055.093837
624,0.3000000000000001,0.36000000000000015,341653382.5847535
625,0.3100000000000001,0.36000000000000015,226522955.18372107
626,0.3200000000000001,0.36000000000000015,132006154.56054652
627,0.3300000000000001,0.36000000000000015,61026905.65725225
628,0.34000000000000014,0.36000000000000015,16824839.080172244
629,0.35000000000000014,0.36000000000000015,2987376.1843960243
630,0.01,0.37000000000000016,6269433771.129974
631,0.02,0.37000000000000016,6088159605.179723
632,0.03,0.37000000000000016,5903537853.650618
633,0.04,0.37000000000000016,5715606534.2069435
634,0.05,0.37000000000000016,5524418201.085112
635,0.060000000000000005,0.37000000000000016,5330041717.573657
636,0.07,0.37000000000000016,5132564213.162754
637,0.08,0.37000000000000016,4932093243.852814
638,0.09,0.37000000000000016,4728759175.949173
639,0.09999999999999999,0.37000000000000016,4522717815.6905
640,0.10999999999999999,0.37000000000000016,4314153309.280647
641,0.11999999999999998,0.37000000000000016,4103281340.3377266
642,0.12999999999999998,0.37000000000000016,3890352654.4620833
643,0.13999999999999999,0.37000000000000016,3675656943.5815716
644,0.15,0.37000000000000016,3459527125.9845667
645,0.16,0.37000000000000016,3242344061.5287704
646,0.17,0.37000000000000016,3024541745.4492416
647,0.18000000000000002,0.37000000000000016,2806613028.5187674
648,0.19000000000000003,0.37000000000000016,2589115916.0769534
649,0.20000000000000004,0.37000000000000016,2372680503.6852393
650,0.21000000000000005,0.37000000000000016,2158016612.931303
651,0.22000000000000006,0.37000000000000016,1945922197.2513642
652,0.23000000000000007,0.37000000000000016,1737292594.6205132
653,0.24000000000000007,0.37000000000000016,1533130711.6442976
654,0.25000000000000006,0.37000000000000016,1334558232.039591
655,0.26000000000000006,0.37000000000000016,1142827951.7975492
656,0.2700000000000001,0.37000000000000016,959337353.5618262
657,0.2800000000000001,0.37000000000000016,785643544.0258038
658,0.2900000000000001,0.37000000000000016,623479690.5574915
659,0.3000000000000001,0.37000000000000016,474773106.9144081
660,0.3100000000000001,0.37000000000000016,341665152.939685
661,0.3200000000000001,0.37000000000000016,226533129.67363244
662,0.3300000000000001,0.37000000000000016,132014369.52523589
663,0.34000000000000014,0.37000000000000016,61032741.19419672
664,0.35000000000000014,0.37000000000000016,16827811.101741865
665,0.36000000000000015,0.37000000000000016,2986927.3820676752
666,0.01,0.38000000000000017,6447344000.129833
667,0.02,0.38000000000000017,6269442842.668047
668,0.03,0.38000000000000017,6088169024.23691
669,0.04,0.38000000000000017,5903547630.2973795
670,0.05,0.38000000000000017,5715616678.1355915
671,0.060000000000000005,0.38000000000000017,5524428721.472094
672,0.07,0.38000000000000017,5330052622.919046
673,0.08,0.38000000000000017,5132575511.103652
674,0.09,0.38000000000000017,4932104940.946974
675,0.09999999999999999,0.38000000000000017,4728771277.424618
676,0.10999999999999999,0.38000000000000017,4522730325.156348
677,0.11999999999999998,0.38000000000000017,4314166228.393697
678,0.12999999999999998,0.38000000000000017,4103294668.4186106
679,0.13999999999999999,0.38000000000000017,3890366388.0539694
680,0.15,0.38000000000000017,3675671075.94341
681,0.16,0.38000000000000017,3459541646.5098286
682,0.17,0.38000000000000017,3242358955.079344
683,0.18000000000000002,0.38000000000000017,3024556991.5928063
684,0.19000000000000003,0.38000000000000017,2806628600.656322
685,0.20000000000000004,0.38000000000000017,2589131780.4454107
686,0.21000000000000005,0.38000000000000017,2372696618.217884
687,0.22000000000000006,0.38000000000000017,2158032925.95668
688,0.23000000000000007,0.38000000000000017,1945938646.0083733
689,0.24000000000000007,0.38000000000000017,1737309103.5645957
690,0.25000000000000006,0.38000000000000017,1533147190.5161023
691,0.26000000000000006,0.38000000000000017,1334574573.6636338
692,0.2700000000000001,0.38000000000000017,1142844029.573957
693,0.2800000000000001,0.38000000000000017,959353018.609194
694,0.2900000000000001,0.38000000000000017,785658621.9275239
695,0.3000000000000001,0.38000000000000017,623493977.6573275
696,0.3100000000000001,0.38000000000000017,474786366.09974885
697,0.3200000000000001,0.38000000000000017,341677108.84244776
698,0.3300000000000001,0.38000000000000017,226543463.20920095
699,0.34000000000000014,0.38000000000000017,132022711.67893445
700,0.35000000000000014,0.38000000000000017,61038665.95236425
701,0.36000000000000015,0.38000000000000017,16830827.410353508
702,0.37000000000000016,0.38000000000000017,2986469.9997667605
703,0.01,0.3900000000000002,6621867456.1360655
704,0.02,0.3900000000000002,6447352897.388812
705,0.03,0.3900000000000002,6269452082.596209
706,0.04,0.3900000000000002,6088178617.287439
707,0.05,0.3900000000000002,5903557586.654715
708,0.060000000000000005,0.3900000000000002,5715627007.595575
709,0.07,0.3900000000000002,5524439433.301883
710,0.08,0.3900000000000002,5330063725.693865
711,0.09,0.3900000000000002,5132587012.517083
712,0.09999999999999999,0.3900000000000002,4932116847.591022
713,0.10999999999999999,0.3900000000000002,4728783594.535284
714,0.11999999999999998,0.3900000000000002,4522743056.3198395
715,0.12999999999999998,0.3900000000000002,4314179375.207781
716,0.13999999999999999,0.3900000000000002,4103308230.10281
717,0.15,0.3900000000000002,3890380361.001527
718,0.16,0.3900000000000002,3675685453.2068624
719,0.17,0.3900000000000002,3459556417.211075
720,0.18000000000000002,0.3900000000000002,3242374103.7337193
721,0.19000000000000003,0.3900000000000002,3024572497.335334
722,0.20000000000000004,0.3900000000000002,2806644436.356661
723,0.21000000000000005,0.3900000000000002,2589147911.696211
724,0.22000000000000006,0.3900000000000002,2372713002.1791825
725,0.23000000000000007,0.3900000000000002,2158049510.036585
726,0.24000000000000007,0.3900000000000002,1945955366.3576493
727,0.25000000000000006,0.3900000000000002,1737325883.3596597
728,0.26000000000000006,0.3900000000000002,1533163938.0015018
729,0.2700000000000001,0.3900000000000002,1334591179.9211662
730,0.2800000000000001,0.3900000000000002,1142860365.9810498
731,0.2900000000000001,0.3900000000000002,959368933.9441414
732,0.3000000000000001,0.3900000000000002,785673939.0733447
733,0.3100000000000001,0.3900000000000002,623508489.8494458
734,0.3200000000000001,0.3900000000000002,474799832.6552153
735,0.3300000000000001,0.3900000000000002,341689250.29989445
736,0.34000000000000014,0.3900000000000002,226553955.79905397
737,0.35000000000000014,0.3900000000000002,132031181.03236748
738,0.36000000000000015,0.3900000000000002,61044679.94495653
739,0.37000000000000016,0.3900000000000002,16833888.022127967
740,0.38000000000000017,0.3900000000000002,2986004.057046379
741,0.01,0.4000000000000002,6793000715.757612
742,0.02,0.4000000000000002,6621876178.901847
743,0.03,0.4000000000000002,6447361957.555991
744,0.04,0.4000000000000002,6269461490.91344
745,0.05,0.4000000000000002,6088188384.330247
746,0.060000000000000005,0.4000000000000002,5903567722.721508
747,0.07,0.4000000000000002,5715637522.585737
748,0.08,0.4000000000000002,5524450336.573273
749,0.09,0.4000000000000002,5330075025.896866
750,0.09999999999999999,0.4000000000000002,5132598717.401756
751,0.10999999999999999,0.4000000000000002,4932128963.78363
752,0.11999999999999998,0.4000000000000002,4728796127.279805
753,0.12999999999999998,0.4000000000000002,4522756009.179579
754,0.13999999999999999,0.4000000000000002,4314192749.721476
755,0.15,0.4000000000000002,4103322025.388895
756,0.16,0.4000000000000002,3890394573.3033113
757,0.17,0.4000000000000002,3675700075.370488
758,0.18000000000000002,0.4000000000000002,3459571438.0868864
759,0.19000000000000003,0.4000000000000002,3242389507.490523
760,0.20000000000000004,0.4000000000000002,3024588262.675519
761,0.21000000000000005,0.4000000000000002,2806660535.6185703
762,0.22000000000000006,0.4000000000000002,2589164309.82827
763,0.23000000000000007,0.4000000000000002,2372729655.5682106
764,0.24000000000000007,0.4000000000000002,2158066365.170312
765,0.25000000000000006,0.4000000000000002,1945972358.298761
766,0.26000000000000006,0.4000000000000002,1737342934.005608
767,0.2700000000000001,0.4000000000000002,1533180954.1008174
768,0.2800000000000001,0.4000000000000002,1334608050.8130164
769,0.2900000000000001,0.4000000000000002,1142876961.020275
770,0.3000000000000001,0.4000000000000002,959385099.5688641
771,0.3100000000000001,0.4000000000000002,785689495.4663589
772,0.3200000000000001,0.4000000000000002,623523227.138015
773,0.3300000000000001,0.4000000000000002,474813506.58625233
774,0.34000000000000014,0.4000000000000002,341701577.3189912
775,0.35000000000000014,0.4000000000000002,226564607.45195767
776,0.36000000000000015,0.4000000000000002,132039777.59643205
777,0.37000000000000016,0.4000000000000002,61050783.185385615
778,0.38000000000000017,0.4000000000000002,16836992.953438282
779,0.3900000000000002,0.4000000000000002,2985529.573763016
780,0.01,0.4100000000000002,6960749335.395119
781,0.02,0.4100000000000002,6793009264.2926655
782,0.03,0.4100000000000002,6621885059.222891
783,0.04,0.4100000000000002,6447371180.630375
784,0.05,0.4100000000000002,6269471067.618704
785,0.060000000000000005,0.4100000000000002,6088198325.36425
786,0.07,0.4100000000000002,5903578038.496636
787,0.08,0.4100000000000002,5715648223.104895
788,0.09,0.4100000000000002,5524461431.285044
789,0.09999999999999999,0.4100000000000002,5330086523.526776
790,0.10999999999999999,0.4100000000000002,5132610625.756357
791,0.11999999999999998,0.4100000000000002,4932141289.52344
792,0.12999999999999998,0.4100000000000002,4728808875.656786
793,0.13999999999999999,0.4100000000000002,4522769183.73414
794,0.15,0.4100000000000002,4314206351.933336
795,0.16,0.4100000000000002,4103336054.275394
796,0.17,0.4100000000000002,3890409024.9578543
797,0.18000000000000002,0.4100000000000002,3675714942.432829
798,0.19000000000000003,0.4100000000000002,3459586709.135832
799,0.20000000000000004,0.4100000000000002,3242405166.348363
800,0.21000000000000005,0.4100000000000002,3024604287.612033
801,0.22000000000000006,0.4100000000000002,2806676898.4408183
802,0.23000000000000007,0.4100000000000002,2589180974.840489
803,0.24000000000000007,0.4100000000000002,2372746578.3840404
804,0.25000000000000006,0.4100000000000002,2158083491.35715
805,0.26000000000000006,0.4100000000000002,1945989621.8312702
806,0.2700000000000001,0.4100000000000002,1737360255.5023484
807,0.2800000000000001,0.4100000000000002,1533198238.8143797
808,0.2900000000000001,0.4100000000000002,1334625186.3400333
809,0.3000000000000001,0.4100000000000002,1142893814.6931138
810,0.3100000000000001,0.4100000000000002,959401515.4855971
811,0.3200000000000001,0.4100000000000002,785705291.109716
812,0.3300000000000001,0.4100000000000002,623538189.5272686
813,0.34000000000000014,0.4100000000000002,474827387.8983952
814,0.35000000000000014,0.4100000000000002,341714089.90681493
815,0.36000000000000015,0.4100000000000002,226575418.17682052
816,0.37000000000000016,0.4100000000000002,132048501.38219863
817,0.38000000000000017,0.4100000000000002,61056975.68727256
818,0.3900000000000002,0.4100000000000002,16840142.220911004
819,0.4000000000000002,0.4100000000000002,2985046.570076496
820,0.01,0.4200000000000002,7125126777.953301
821,0.02,0.4200000000000002,6960757710.381018
822,0.03,0.4200000000000002,6793017965.163972
823,0.04,0.4200000000000002,6621894097.098234
824,0.05,0.4200000000000002,6447380566.61096
825,0.060000000000000005,0.4200000000000002,6269480812.71095
826,0.07,0.4200000000000002,6088208440.388342
827,0.08,0.4200000000000002,5903588533.978937
828,0.09,0.4200000000000002,5715659109.151855
829,0.09999999999999999,0.4200000000000002,5524472717.435944
830,0.10999999999999999,0.4200000000000002,5330098218.582306
831,0.11999999999999998,0.4200000000000002,5132622737.579548
832,0.12999999999999998,0.4200000000000002,4932153824.809073
833,0.13999999999999999,0.4200000000000002,4728821839.664817
834,0.15,0.4200000000000002,4522782579.982076
835,0.16,0.4200000000000002,4314220181.841888
836,0.17,0.4200000000000002,4103350316.7608223
837,0.18000000000000002,0.4200000000000002,3890423715.9636626
838,0.19000000000000003,0.4200000000000002,3675730054.392398
839,0.20000000000000004,0.4200000000000002,3459602230.3564444
840,0.21000000000000005,0.4200000000000002,3242421080.3058195
841,0.22000000000000006,0.4200000000000002,3024620572.14353
842,0.23000000000000007,0.4200000000000002,2806693524.822152
843,0.24000000000000007,0.4200000000000002,2589197906.7317467
844,0.25000000000000006,0.4200000000000002,2372763770.6257286
845,0.26000000000000006,0.4200000000000002,2158100888.596376
846,0.2700000000000001,0.4200000000000002,1946007156.9547353
847,0.2800000000000001,0.4200000000000002,1737377847.8497891
848,0.2900000000000001,0.4200000000000002,1533215792.1425276
849,0.3000000000000001,0.4200000000000002,1334642586.5030823
850,0.3100000000000001,0.4200000000000002,1142910927.001069
851,0.3200000000000001,0.4200000000000002,959418181.6966165
852,0.3300000000000001,0.4200000000000002,785721326.0066144
853,0.34000000000000014,0.4200000000000002,623553377.0215161
854,0.35000000000000014,0.4200000000000002,474841476.59726894
855,0.36000000000000015,0.4200000000000002,341726788.07055986
856,0.37000000000000016,0.4200000000000002,226586387.98269135
857,0.38000000000000017,0.4200000000000002,132057352.40091106
858,0.3900000000000002,0.4200000000000002,61063257.464448795
859,0.4000000000000002,0.4200000000000002,16843335.841425512
860,0.4100000000000002,0.4200000000000002,2984555.0664499616
861,0.01,0.4300000000000002,7286153443.579439
862,0.02,0.4300000000000002,7125134980.438892
863,0.03,0.4300000000000002,6960766232.621701
864,0.04,0.4300000000000002,6793026818.370605
865,0.05,0.4300000000000002,6621903292.526903
866,0.060000000000000005,0.4300000000000002,6447390115.496717
867,0.07,0.4300000000000002,6269490726.189098
868,0.08,0.4300000000000002,6088218729.4014
869,0.09,0.4300000000000002,5903599209.167247
870,0.09999999999999999,0.4300000000000002,5715670180.725395
871,0.10999999999999999,0.4300000000000002,5524484195.024707
872,0.11999999999999998,0.4300000000000002,5330110111.062137
873,0.12999999999999998,0.4300000000000002,5132635052.869969
874,0.13999999999999999,0.4300000000000002,4932166569.639132
875,0.15,0.4300000000000002,4728835019.302454
876,0.16,0.4300000000000002,4522796197.921922
877,0.17,0.4300000000000002,4314234239.445639
878,0.18000000000000002,0.4300000000000002,4103364812.843668
879,0.19000000000000003,0.4300000000000002,3890438646.319219
880,0.20000000000000004,0.4300000000000002,3675745411.2476854
881,0.21000000000000005,0.4300000000000002,3459618001.7472467
882,0.22000000000000006,0.4300000000000002,3242437249.3614593
883,0.23000000000000007,0.4300000000000002,3024637116.2686405
884,0.24000000000000007,0.4300000000000002,2806710414.7613096
885,0.25000000000000006,0.4300000000000002,2589215105.5009084
886,0.26000000000000006,0.4300000000000002,2372781232.292313
887,0.2700000000000001,0.4300000000000002,2158118556.8872595
888,0.2800000000000001,0.4300000000000002,1946024963.6687136
889,0.2900000000000001,0.4300000000000002,1737395711.0478425
890,0.3000000000000001,0.4300000000000002,1533233614.085613
891,0.3100000000000001,0.4300000000000002,1334660251.3030486
892,0.3200000000000001,0.4300000000000002,1142928297.9456704
893,0.3300000000000001,0.4300000000000002,959435098.2042377
894,0.34000000000000014,0.4300000000000002,785737600.1603112
895,0.35000000000000014,0.4300000000000002,623568789.6251357
896,0.36000000000000015,0.4300000000000002,474855772.6885921
897,0.37000000000000016,0.4300000000000002,341739671.81753224
898,0.38000000000000017,0.4300000000000002,226597516.87876007
899,0.3900000000000002,0.4300000000000002,132066330.66398379
900,0.4000000000000002,0.4300000000000002,61069628.530955784
901,0.4100000000000002,0.4300000000000002,16846573.832114175
902,0.4200000000000002,0.4300000000000002,2984055.0836498654
903,0.01,0.4400000000000002,7443855794.891073
904,0.02,0.4400000000000002,7286161474.934103
905,0.03,0.4400000000000002,7125143325.237744
906,0.04,0.4400000000000002,6960774902.116259
907,0.05,0.4400000000000002,6793035823.91161
908,0.060000000000000005,0.4400000000000002,6621912645.5078945
909,0.07,0.4400000000000002,6447399827.286604
910,0.08,0.4400000000000002,6269500808.052056
911,0.09,0.4400000000000002,6088229192.402287
912,0.09999999999999999,0.4400000000000002,5903610064.060371
913,0.10999999999999999,0.4400000000000002,5715681437.824273
914,0.11999999999999998,0.4400000000000002,5524495864.050042
915,0.12999999999999998,0.4400000000000002,5330122200.964933
916,0.13999999999999999,0.4400000000000002,5132647571.62624
917,0.15,0.4400000000000002,4932179524.012189
918,0.16,0.4400000000000002,4728848414.568239
919,0.17,0.4400000000000002,4522810037.552176
920,0.18000000000000002,0.4400000000000002,4314248524.743068
921,0.19000000000000003,0.4400000000000002,4103379542.522396
922,0.20000000000000004,0.4400000000000002,3890453816.022985
923,0.21000000000000005,0.4400000000000002,3675761012.9971647
924,0.22000000000000006,0.4400000000000002,3459634023.306732
925,0.23000000000000007,0.4400000000000002,3242453673.5138216
926,0.24000000000000007,0.4400000000000002,3024653919.985977
927,0.25000000000000006,0.4400000000000002,2806727568.257001
928,0.26000000000000006,0.4400000000000002,2589232571.146828
929,0.2700000000000001,0.4400000000000002,2372798963.382831
930,0.2800000000000001,0.4400000000000002,2158136496.2290626
931,0.2900000000000001,0.4400000000000002,1946043041.9727545
932,0.3000000000000001,0.4400000000000002,1737413845.0964196
933,0.3100000000000001,0.4400000000000002,1533251704.6439877
934,0.3200000000000001,0.4400000000000002,1334678180.740832
935,0.3300000000000001,0.4400000000000002,1142945927.5284817
936,0.34000000000000014,0.4400000000000002,959452265.0108135
937,0.35000000000000014,0.4400000000000002,785754113.5741119
938,0.36000000000000015,0.4400000000000002,623584427.3425773
939,0.37000000000000016,0.4400000000000002,474870276.1781721
940,0.38000000000000017,0.4400000000000002,341752741.1551525
941,0.3900000000000002,0.4400000000000002,226608804.8743578
942,0.4000000000000002,0.4400000000000002,132075436.18300581
943,0.4100000000000002,0.4400000000000002,61076088.90104449
944,0.4200000000000002,0.4400000000000002,16849856.210362297
945,0.4300000000000002,0.4400000000000002,2983546.64274581
946,0.01,0.45000000000000023,7598265568.017359
947,0.02,0.45000000000000023,7443863656.762644
948,0.03,0.45000000000000023,7286169643.801875
949,0.04,0.45000000000000023,7125151812.348985
950,0.05,0.45000000000000023,6960783718.863771
951,0.060000000000000005,0.45000000000000023,6793044981.786016
952,0.07,0.45000000000000023,6621922156.040197
953,0.08,0.45000000000000023,6447409701.979555
954,0.09,0.45000000000000023,6269511058.298712
955,0.09999999999999999,0.45000000000000023,6088239829.389833
956,0.10999999999999999,0.45000000000000023,5903621098.657097
957,0.11999999999999998,0.45000000000000023,5715692880.447226
958,0.12999999999999998,0.45000000000000023,5524507724.510636
959,0.13999999999999999,0.45000000000000023,5330134488.289336
960,0.15,0.45000000000000023,5132660293.846954
961,0.16,0.45000000000000023,4932192687.926799
962,0.17,0.45000000000000023,4728862025.460686
963,0.18000000000000002,0.45000000000000023,4522824098.871326
964,0.19000000000000003,0.45000000000000023,4314263037.732632
965,0.20000000000000004,0.45000000000000023,4103394505.7954445
966,0.21000000000000005,0.45000000000000023,3890469225.073393
967,0.22000000000000006,0.45000000000000023,3675776859.6392746
968,0.23000000000000007,0.45000000000000023,3459650295.0333705
969,0.24000000000000007,0.45000000000000023,3242470352.7614255
970,0.25000000000000006,0.45000000000000023,3024670983.294138
971,0.26000000000000006,0.45000000000000023,2806744985.307922
972,0.2700000000000001,0.45000000000000023,2589250303.6683407
973,0.2800000000000001,0.45000000000000023,2372816963.896297
974,0.2900000000000001,0.45000000000000023,2158154706.621038
975,0.3000000000000001,0.45000000000000023,1946061391.8664072
976,0.3100000000000001,0.45000000000000023,1737432249.9954367
977,0.3200000000000001,0.45000000000000023,1533270063.8180213
978,0.3300000000000001,0.45000000000000023,1334696374.8173501
979,0.34000000000000014,0.45000000000000023,1142963815.7510881
980,0.35000000000000014,0.45000000000000023,959469682.118743
981,0.36000000000000015,0.45000000000000023,785770866.2513814
982,0.37000000000000016,0.45000000000000023,623600290.17836
983,0.38000000000000017,0.45000000000000023,474884987.071906
984,0.3900000000000002,0.45000000000000023,341765996.0909548
985,0.4000000000000002,0.45000000000000023,226620251.97895584
986,0.4100000000000002,0.45000000000000023,132084668.96973887
987,0.4200000000000002,0.45000000000000023,61082638.58917571
988,0.4300000000000002,0.45000000000000023,16853182.993808437
989,0.4400000000000002,0.45000000000000023,2983029.765110676
990,0.01,0.46000000000000024,7749419061.562206
991,0.02,0.46000000000000024,7598273262.29424
992,0.03,0.46000000000000024,7443871651.489071
993,0.04,0.46000000000000024,7286177950.181909
994,0.05,0.46000000000000024,7125160441.771721
995,0.060000000000000005,0.46000000000000024,6960792682.863302
996,0.07,0.46000000000000024,6793054291.992847
997,0.08,0.46000000000000024,6621931824.122781
998,0.09,0.46000000000000024,6447419739.574492
999,0.09999999999999999,0.46000000000000024,6269521476.927936
1000,0.10999999999999999,0.46000000000000024,6088250640.362863
1001,0.11999999999999998,0.46000000000000024,5903632312.956191
1002,0.12999999999999998,0.46000000000000024,5715704508.592972
1003,0.13999999999999999,0.46000000000000024,5524519776.405162
1004,0.15,0.46000000000000024,5330146973.033964
1005,0.16,0.46000000000000024,5132673219.5306835
1006,0.17,0.46000000000000024,4932206061.381491
1007,0.18000000000000002,0.46000000000000024,4728875851.978285
1008,0.19000000000000003,0.46000000000000024,4522838381.877826
1009,0.20000000000000004,0.46000000000000024,4314277778.412764
1010,0.21000000000000005,0.46000000000000024,4103409702.661234
1011,0.22000000000000006,0.46000000000000024,3890484873.46886
1012,0.23000000000000007,0.46000000000000024,3675792951.172443
1013,0.24000000000000007,0.46000000000000024,3459666816.925611
1014,0.25000000000000006,0.46000000000000024,3242487287.102771
1015,0.26000000000000006,0.46000000000000024,3024688306.1916904
1016,0.2700000000000001,0.46000000000000024,2806762665.9127517
1017,0.2800000000000001,0.46000000000000024,2589268303.06427
1018,0.2900000000000001,0.46000000000000024,2372835233.8317184
1019,0.3000000000000001,0.46000000000000024,2158173188.0624304
1020,0.3100000000000001,0.46000000000000024,1946080013.3492165
1021,0.3200000000000001,0.46000000000000024,1737450925.7448118
1022,0.3300000000000001,0.46000000000000024,1533288691.6080933
1023,0.34000000000000014,0.46000000000000024,1334714833.5335407
1024,0.35000000000000014,0.46000000000000024,1142981962.6151083
1025,0.36000000000000015,0.46000000000000024,959487349.5304551
1026,0.37000000000000016,0.46000000000000024,785787858.1955376
1027,0.38000000000000017,0.46000000000000024,623616378.1370748
1028,0.3900000000000002,0.46000000000000024,474899905.37578356
1029,0.4000000000000002,0.46000000000000024,341779436.63258785
1030,0.4100000000000002,0.46000000000000024,226631858.20216686
1031,0.4200000000000002,0.46000000000000024,132094029.03611615
1032,0.4300000000000002,0.46000000000000024,61089277.61002003
1033,0.4400000000000002,0.46000000000000024,16856554.20034368
1034,0.45000000000000023,0.46000000000000024,2982504.472420473
1035,0.01,0.47000000000000025,7897356496.310181
1036,0.02,0.47000000000000025,7749426590.3392935
1037,0.03,0.47000000000000025,7598281084.909409
1038,0.04,0.47000000000000025,7443879779.069532
1039,0.05,0.47000000000000025,7286186394.073341
1040,0.060000000000000005,0.47000000000000025,7125169213.505041
1041,0.07,0.47000000000000025,6960801794.113896
1042,0.08,0.47000000000000025,6793063754.531097
1043,0.09,0.47000000000000025,6621941649.754592
1044,0.09999999999999999,0.47000000000000025,6447429940.0703125
1045,0.10999999999999999,0.47000000000000025,6269532063.938574
1046,0.11999999999999998,0.47000000000000025,6088261625.320171
1047,0.12999999999999998,0.47000000000000025,5903643706.9564
1048,0.13999999999999999,0.47000000000000025,5715716322.260204
1049,0.15,0.47000000000000025,5524532019.73226
1050,0.16,0.47000000000000025,5330159655.197413
1051,0.17,0.47000000000000025,5132686348.675979
1052,0.18000000000000002,0.47000000000000025,4932219644.374772
1053,0.19000000000000003,0.47000000000000025,4728889894.119503
1054,0.20000000000000004,0.47000000000000025,4522852886.570114
1055,0.21000000000000005,0.47000000000000025,4314292746.781871
1056,0.22000000000000006,0.47000000000000025,4103425133.1181517
1057,0.23000000000000007,0.47000000000000025,3890500761.2077694
1058,0.24000000000000007,0.47000000000000025,3675809287.595068
1059,0.25000000000000006,0.47000000000000025,3459683588.981885
1060,0.26000000000000006,0.47000000000000025,3242504476.536332
1061,0.2700000000000001,0.47000000000000025,3024705888.677188
1062,0.2800000000000001,0.47000000000000025,2806780610.0701485
1063,0.2900000000000001,0.47000000000000025,2589286569.333413
1064,0.3000000000000001,0.47000000000000025,2372853773.1880894
1065,0.3100000000000001,0.47000000000000025,2158191940.552474
1066,0.3200000000000001,0.47000000000000025,1946098906.420722
1067,0.3300000000000001,0.47000000000000025,1737469872.3444605
1068,0.34000000000000014,0.47000000000000025,1533307588.0145867
1069,0.35000000000000014,0.47000000000000025,1334733556.8903584
1070,0.36000000000000015,0.47000000000000025,1143000368.1221828
1071,0.37000000000000016,0.47000000000000025,959505267.2484288
1072,0.38000000000000017,0.47000000000000025,785805089.4100502
1073,0.3900000000000002,0.47000000000000025,623632691.2233825
1074,0.4000000000000002,0.47000000000000025,474915031.0958828
1075,0.4100000000000002,0.47000000000000025,341793062.7878124
1076,0.4200000000000002,0.47000000000000025,226643623.55374593
1077,0.4300000000000002,0.47000000000000025,132103516.39424446
1078,0.4400000000000002,0.47000000000000025,61096005.97845763
1079,0.45000000000000023,0.47000000000000025,16859969.848112416
1080,0.46000000000000024,0.47000000000000025,2981970.7866543126
1081,0.01,0.48000000000000026,8042121439.144801
1082,0.02,0.48000000000000026,7897363861.858238
1083,0.03,0.48000000000000026,7749434243.078938
1084,0.04,0.48000000000000026,7598289035.86207
1085,0.05,0.48000000000000026,7443888039.50319
1086,0.060000000000000005,0.48000000000000026,7286194975.475294
1087,0.07,0.48000000000000026,7125178127.548025
1088,0.08,0.48000000000000026,6960811052.614586
1089,0.09,0.48000000000000026,6793073369.39975
1090,0.09999999999999999,0.48000000000000026,6621951632.934563
1091,0.10999999999999999,0.48000000000000026,6447440303.465899
1092,0.11999999999999998,0.48000000000000026,6269542819.32946
1093,0.12999999999999998,0.48000000000000026,6088272784.260539
1094,0.13999999999999999,0.48000000000000026,5903655280.656456
1095,0.15,0.48000000000000026,5715728321.447601
1096,0.16,0.48000000000000026,5524544454.490555
1097,0.17,0.48000000000000026,5330172534.778257
1098,0.18000000000000002,0.48000000000000026,5132699681.281369
1099,0.19000000000000003,0.48000000000000026,4932233436.905122
1100,0.20000000000000004,0.48000000000000026,4728904151.882786
1101,0.21000000000000005,0.48000000000000026,4522867612.946599
1102,0.22000000000000006,0.48000000000000026,4314307942.838339
1103,0.23000000000000007,0.48000000000000026,4103440797.1645737
1104,0.24000000000000007,0.48000000000000026,3890516888.2884884
1105,0.25000000000000006,0.48000000000000026,3675825868.905524
1106,0.26000000000000006,0.48000000000000026,3459700611.200591
1107,0.2700000000000001,0.48000000000000026,3242521921.060567
1108,0.2800000000000001,0.48000000000000026,3024723730.7491627
1109,0.2900000000000001,0.48000000000000026,2806798817.778755
1110,0.3000000000000001,0.48000000000000026,2589305102.4745626
1111,0.3100000000000001,0.48000000000000026,2372872581.96439
1112,0.3200000000000001,0.48000000000000026,2158210964.0903983
1113,0.3300000000000001,0.48000000000000026,1946118071.08046
1114,0.34000000000000014,0.48000000000000026,1737489089.79431
1115,0.35000000000000014,0.48000000000000026,1533326753.0378947
1116,0.36000000000000015,0.48000000000000026,1334752544.888775
1117,0.37000000000000016,0.48000000000000026,1143019032.2739832
1118,0.38000000000000017,0.48000000000000026,959523435.2751758
1119,0.3900000000000002,0.48000000000000026,785822559.898444
1120,0.4000000000000002,0.48000000000000026,623649229.4420161
1121,0.4100000000000002,0.48000000000000026,474930364.23837376
1122,0.4200000000000002,0.48000000000000026,341806874.56450486
1123,0.4300000000000002,0.48000000000000026,226655548.04358613
1124,0.4400000000000002,0.48000000000000026,132113131.05640414
1125,0.45000000000000023,0.48000000000000026,61102823.7095782
1126,0.46000000000000024,0.48000000000000026,16863429.95551123
1127,0.47000000000000025,0.48000000000000026,2981428.7300944855
1128,0.01,0.49000000000000027,8183760285.238974
1129,0.02,0.49000000000000027,8042128643.882993
1130,0.03,0.49000000000000027,7897371347.132586
1131,0.04,0.49000000000000027,7749442019.780371
1132,0.05,0.49000000000000027,7598297115.151415
1133,0.060000000000000005,0.49000000000000027,7443896432.7892
1134,0.07,0.49000000000000027,7286203694.386874
1135,0.08,0.49000000000000027,7125187183.899738
1136,0.09,0.49000000000000027,6960820458.364384
1137,0.09999999999999999,0.49000000000000027,6793083136.597773
1138,0.10999999999999999,0.49000000000000027,6621961773.661613
1139,0.11999999999999998,0.49000000000000027,6447450829.760117
1140,0.12999999999999998,0.49000000000000027,6269553743.099407
1141,0.13999999999999999,0.49000000000000027,6088284117.182726
1142,0.15,0.49000000000000027,5903667034.055061
1143,0.16,0.49000000000000027,5715740506.153818
1144,0.17,0.49000000000000027,5524557080.678651
1145,0.18000000000000002,0.49000000000000027,5330185611.775051
1146,0.19000000000000003,0.49000000000000027,5132713217.345357
1147,0.20000000000000004,0.49000000000000027,4932247438.971008
1148,0.21000000000000005,0.49000000000000027,4728918625.266554
1149,0.22000000000000006,0.49000000000000027,4522882561.005666
1150,0.23000000000000007,0.49000000000000027,4314323366.580532
1151,0.24000000000000007,0.49000000000000027,4103456694.7988386
1152,0.25000000000000006,0.49000000000000027,3890533254.709361
1153,0.26000000000000006,0.49000000000000027,3675842695.1021614
1154,0.2700000000000001,0.49000000000000027,3459717883.5801153
1155,0.2800000000000001,0.49000000000000027,3242539620.673911
1156,0.2900000000000001,0.49000000000000027,3024741832.40613
1157,0.3000000000000001,0.49000000000000027,2806817289.037198
1158,0.3100000000000001,0.49000000000000027,2589323902.486494
1159,0.3200000000000001,0.49000000000000027,2372891660.1595917
1160,0.3300000000000001,0.49000000000000027,2158230258.675421
1161,0.34000000000000014,0.49000000000000027,1946137507.327966
1162,0.35000000000000014,0.49000000000000027,1737508578.0942786
1163,0.36000000000000015,0.49000000000000027,1533346186.678424
1164,0.37000000000000016,0.49000000000000027,1334771797.5297792
1165,0.38000000000000017,0.49000000000000027,1143037955.072212
1166,0.3900000000000002,0.49000000000000027,959541853.61325
1167,0.4000000000000002,0.49000000000000027,785840269.664298
1168,0.4100000000000002,0.49000000000000027,623665992.7977796
1169,0.4200000000000002,0.49000000000000027,474945904.80951715
1170,0.4300000000000002,0.49000000000000027,341820871.97065353
1171,0.4400000000000002,0.49000000000000027,226667631.6817242
1172,0.45000000000000023,0.49000000000000027,132122873.03504577
1173,0.46000000000000024,0.49000000000000027,61109730.81868154
1174,0.47000000000000025,0.49000000000000027,16866934.54119013
1175,0.48000000000000026,0.49000000000000027,2980878.325326236
1176,0.01,0.5000000000000002,8322321793.114169
1177,0.02,0.5000000000000002,8183767331.7102
1178,0.03,0.5000000000000002,8042135964.248825
1179,0.04,0.5000000000000002,7897378952.132478
1180,0.05,0.5000000000000002,7749449920.442818
1181,0.060000000000000005,0.5000000000000002,7598305322.776627
1182,0.07,0.5000000000000002,7443904958.926695
1183,0.08,0.5000000000000002,7286212550.807171
1184,0.09,0.5000000000000002,7125196382.55922
1185,0.09999999999999999,0.5000000000000002,6960830011.362289
1186,0.10999999999999999,0.5000000000000002,6793093056.124107
1187,0.11999999999999998,0.5000000000000002,6621972071.934637
1188,0.12999999999999998,0.5000000000000002,6447461518.951812
1189,0.13999999999999999,0.5000000000000002,6269564835.247208
1190,0.15,0.5000000000000002,6088295624.085471
1191,0.16,0.5000000000000002,5903678967.150901
1192,0.17,0.5000000000000002,5715752876.377484
1193,0.18000000000000002,0.5000000000000002,5524569898.295126
1194,0.19000000000000003,0.5000000000000002,5330198886.186322
1195,0.20000000000000004,0.5000000000000002,5132726956.866426
1196,0.21000000000000005,0.5000000000000002,4932261650.57086
1197,0.22000000000000006,0.5000000000000002,4728933314.269201
1198,0.23000000000000007,0.5000000000000002,4522897730.745681
1199,0.24000000000000007,0.5000000000000002,4314339018.00678
1200,0.25000000000000006,0.5000000000000002,4103472826.019273
1201,0.26000000000000006,0.5000000000000002,3890549860.4686975
1202,0.2700000000000001,0.5000000000000002,3675859766.1833105
1203,0.2800000000000001,0.5000000000000002,3459735406.1188164
1204,0.2900000000000001,0.5000000000000002,3242557575.37477
1205,0.3000000000000001,0.5000000000000002,3024760193.646577
1206,0.3100000000000001,0.5000000000000002,2806836023.844079
1207,0.3200000000000001,0.5000000000000002,2589342969.367959
1208,0.3300000000000001,0.5000000000000002,2372911007.772644
1209,0.34000000000000014,0.5000000000000002,2158249824.3067513
1210,0.35000000000000014,0.5000000000000002,1946157215.162766
1211,0.36000000000000015,0.5000000000000002,1737528337.2442956
1212,0.37000000000000016,0.5000000000000002,1533365888.9365826
1213,0.38000000000000017,0.5000000000000002,1334791314.8143768
1214,0.3900000000000002,0.5000000000000002,1143057136.5185912
1215,0.4000000000000002,0.5000000000000002,959560522.2652452
1216,0.4100000000000002,0.5000000000000002,785858218.7112453
1217,0.4200000000000002,0.5000000000000002,623682981.2955459
1218,0.4300000000000002,0.5000000000000002,474961652.8156619
1219,0.4400000000000002,0.5000000000000002,341835055.01436114
1220,0.45000000000000023,0.5000000000000002,226679874.47833458
1221,0.46000000000000024,0.5000000000000002,132132742.34279267
1222,0.47000000000000025,0.5000000000000002,61116727.321275555
1223,0.48000000000000026,0.5000000000000002,16870483.62405176
1224,0.49000000000000027,0.5000000000000002,2980319.5952378954
1225,0.01,0.5100000000000002,8457856667.653589
1226,0.02,0.5100000000000002,8322328683.962994
1227,0.03,0.5100000000000002,8183774489.845837
1228,0.04,0.5100000000000002,8042143400.241587
1229,0.05,0.5100000000000002,7897386676.857168
1230,0.060000000000000005,0.5100000000000002,7749457945.065485
1231,0.07,0.5100000000000002,7598313658.736874
1232,0.08,0.5100000000000002,7443913617.914804
1233,0.09,0.5100000000000002,7286221544.735268
1234,0.09999999999999999,0.5100000000000002,7125205723.525507
1235,0.10999999999999999,0.5100000000000002,6960839711.607285
1236,0.11999999999999998,0.5100000000000002,6793103127.9776945
1237,0.12999999999999998,0.5100000000000002,6621982527.75252
1238,0.13999999999999999,0.5100000000000002,6447472371.039815
1239,0.15,0.5100000000000002,6269576095.771638
1240,0.16,0.5100000000000002,6088307304.967496
1241,0.17,0.5100000000000002,5903691079.942646
1242,0.18000000000000002,0.5100000000000002,5715765432.117218
1243,0.19000000000000003,0.5100000000000002,5524582907.338547
1244,0.20000000000000004,0.5100000000000002,5330212358.010582
1245,0.21000000000000005,0.5100000000000002,5132740899.843033
1246,0.22000000000000006,0.5100000000000002,4932276071.703098
1247,0.23000000000000007,0.5100000000000002,4728948218.889105
1248,0.24000000000000007,0.5100000000000002,4522913122.164983
1249,0.25000000000000006,0.5100000000000002,4314354897.115408
1250,0.26000000000000006,0.5100000000000002,4103489190.8241696
1251,0.2700000000000001,0.5100000000000002,3890566705.5647993
1252,0.2800000000000001,0.5100000000000002,3675877082.14728
1253,0.2900000000000001,0.5100000000000002,3459753178.815033
1254,0.3000000000000001,0.5100000000000002,3242575785.1615415
1255,0.3100000000000001,0.5100000000000002,3024778814.4689827
1256,0.3200000000000001,0.5100000000000002,2806855022.1979866
1257,0.3300000000000001,0.5100000000000002,2589362303.1177077
1258,0.34000000000000014,0.5100000000000002,2372930624.8025007
1259,0.35000000000000014,0.5100000000000002,2158269660.9835925
1260,0.36000000000000015,0.5100000000000002,1946177194.5843887
1261,0.37000000000000016,0.5100000000000002,1737548367.244287
1262,0.38000000000000017,0.5100000000000002,1533385859.812798
1263,0.3900000000000002,0.5100000000000002,1334811096.743595
1264,0.4000000000000002,0.5100000000000002,1143076576.6148775
1265,0.4100000000000002,0.5100000000000002,959579441.2337954
1266,0.4200000000000002,0.5100000000000002,785876407.0429745
1267,0.4300000000000002,0.5100000000000002,623700194.9402591
1268,0.4400000000000002,0.5100000000000002,474977608.2632517
1269,0.45000000000000023,0.5100000000000002,341849423.703845
1270,0.46000000000000024,0.5100000000000002,226692276.44373614
1271,0.47000000000000025,0.5100000000000002,132142738.99244395
1272,0.48000000000000026,0.5100000000000002,61123813.233081184
1273,0.49000000000000027,0.5100000000000002,16874077.223251496
1274,0.5000000000000002,0.5100000000000002,2979752.5630207257
1275,0.01,0.5200000000000002,8590417186.599033
1276,0.02,0.5200000000000002,8457863405.606487
1277,0.03,0.5200000000000002,8322335682.645901
1278,0.04,0.5200000000000002,8183781759.645199
1279,0.05,0.5200000000000002,8042150951.86055
1280,0.060000000000000005,0.5200000000000002,7897394521.305889
1281,0.07,0.5200000000000002,7749466093.647572
1282,0.08,0.5200000000000002,7598322123.031303
1283,0.09,0.5200000000000002,7443922409.752632
1284,0.09999999999999999,0.5200000000000002,7286230676.170227
1285,0.10999999999999999,0.5200000000000002,7125215206.797611
1286,0.11999999999999998,0.5200000000000002,6960849559.098335
1287,0.12999999999999998,0.5200000000000002,6793113352.157448
1288,0.13999999999999999,0.5200000000000002,6621993141.114123
1289,0.15,0.5200000000000002,6447483386.022936
1290,0.16,0.5200000000000002,6269587524.6714525
1291,0.17,0.5200000000000002,6088319159.827503
1292,0.18000000000000002,0.5200000000000002,5903703372.428943
1293,0.19000000000000003,0.5200000000000002,5715778173.371603
1294,0.20000000000000004,0.5200000000000002,5524596107.807444
1295,0.21000000000000005,0.5200000000000002,5330226027.246317
1296,0.22000000000000006,0.5200000000000002,5132755046.273618
1297,0.23000000000000007,0.5200000000000002,4932290702.366108
1298,0.24000000000000007,0.5200000000000002,4728963339.124614
1299,0.25000000000000006,0.5200000000000002,4522928735.2618885
1300,0.26000000000000006,0.5200000000000002,4314371003.904691
1301,0.2700000000000001,0.5200000000000002,4103505789.2118025
1302,0.2800000000000001,0.5200000000000002,3890583789.9959316
1303,0.2900000000000001,0.5200000000000002,3675894642.9923477
1304,0.3000000000000001,0.5200000000000002,3459771201.667075
1305,0.3100000000000001,0.5200000000000002,3242594250.032593
1306,0.3200000000000001,0.5200000000000002,3024797694.8717976
1307,0.3300000000000001,0.5200000000000002,2806874284.0974903
1308,0.34000000000000014,0.5200000000000002,2589381903.7344623
1309,0.35000000000000014,0.5200000000000002,2372950511.2480855
1310,0.36000000000000015,0.5200000000000002,2158289768.7051373
1311,0.37000000000000016,0.5200000000000002,1946197445.5923562
1312,0.38000000000000017,0.5200000000000002,1737568668.094184
1313,0.3900000000000002,0.5200000000000002,1533406099.307499
1314,0.4000000000000002,0.5200000000000002,1334831143.318476
1315,0.4100000000000002,0.5200000000000002,1143096275.3628533
1316,0.4200000000000002,0.5200000000000002,959598610.5215744
1317,0.4300000000000002,0.5200000000000002,785894834.6632236
1318,0.4400000000000002,0.5200000000000002,623717633.7369375
1319,0.45000000000000023,0.5200000000000002,474993771.1588181
1320,0.46000000000000024,0.5200000000000002,341863978.0474353
1321,0.47000000000000025,0.5200000000000002,226704837.5883866
1322,0.48000000000000026,0.5200000000000002,132152862.99696805
1323,0.49000000000000027,0.5200000000000002,61130988.57002494
1324,0.5000000000000002,0.5200000000000002,16877715.35819735
1325,0.5100000000000002,0.5200000000000002,2979177.2521688673
1326,0.01,0.5300000000000002,8720056866.46584
1327,0.02,0.5300000000000002,8590423774.44676
1328,0.03,0.5300000000000002,8457870247.693278
1329,0.04,0.5300000000000002,8322342789.162231
1330,0.05,0.5300000000000002,8183789141.107587
1331,0.060000000000000005,0.5300000000000002,8042158619.104979
1332,0.07,0.5300000000000002,7897402485.477868
1333,0.08,0.5300000000000002,7749474366.188259
1334,0.09,0.5300000000000002,7598330715.659064
1335,0.09999999999999999,0.5300000000000002,7443931334.439275
1336,0.10999999999999999,0.5300000000000002,7286239945.1110935
1337,0.11999999999999998,0.5300000000000002,7125224832.374535
1338,0.12999999999999998,0.5300000000000002,6960859553.834394
1339,0.13999999999999999,0.5300000000000002,6793123728.662263
1340,0.15,0.5300000000000002,6622003912.01829
1341,0.16,0.5300000000000002,6447494563.899961
1342,0.17,0.5300000000000002,6269599121.94539
1343,0.18000000000000002,0.5300000000000002,6088331188.664171
1344,0.19000000000000003,0.5300000000000002,5903715844.608415
1345,0.20000000000000004,0.5300000000000002,5715791100.139218
1346,0.21000000000000005,0.5300000000000002,5524609499.700338
1347,0.22000000000000006,0.5300000000000002,5330239893.891986
1348,0.23000000000000007,0.5300000000000002,5132769396.15659
1349,0.24000000000000007,0.5300000000000002,4932305542.55826
1350,0.25000000000000006,0.5300000000000002,4728978674.974055
1351,0.26000000000000006,0.5300000000000002,4522944570.034684
1352,0.2700000000000001,0.5300000000000002,4314387338.372904
1353,0.2800000000000001,0.5300000000000002,4103522621.180423
1354,0.2900000000000001,0.5300000000000002,3890601113.7603426
1355,0.3000000000000001,0.5300000000000002,3675912448.716777
1356,0.3100000000000001,0.5300000000000002,3459789474.673239
1357,0.3200000000000001,0.5300000000000002,3242612969.9862714
1358,0.3300000000000001,0.5300000000000002,3024816834.8534536
1359,0.34000000000000014,0.5300000000000002,2806893809.5411434
1360,0.35000000000000014,0.5300000000000002,2589401771.216935
1361,0.36000000000000015,0.5300000000000002,2372970667.10832
1362,0.37000000000000016,0.5300000000000002,2158310147.47057
1363,0.38000000000000017,0.5300000000000002,1946217968.1861858
1364,0.3900000000000002,0.5300000000000002,1737589239.7939181
1365,0.4000000000000002,0.5300000000000002,1533426607.421127
1366,0.4100000000000002,0.5300000000000002,1334851454.5400789
1367,0.4200000000000002,0.5300000000000002,1143116232.764328
1368,0.4300000000000002,0.5300000000000002,959618030.1312937
1369,0.4400000000000002,0.5300000000000002,785913501.575789
1370,0.45000000000000023,0.5300000000000002,623735297.6906655
1371,0.46000000000000024,0.5300000000000002,475010141.5089817
1372,0.47000000000000025,0.5300000000000002,341878718.053576
1373,0.48000000000000026,0.5300000000000002,226717557.92288345
1374,0.49000000000000027,0.5300000000000002,132163114.36950734
1375,0.5000000000000002,0.5300000000000002,61138253.34824552
1376,0.5100000000000002,0.5300000000000002,16881398.048550226
1377,0.5200000000000002,0.5300000000000002,2978593.6864795433
1378,0.01,0.5400000000000003,8846830164.178204
1379,0.02,0.5400000000000003,8720063307.04769
1380,0.03,0.5400000000000003,8590430462.855356
1381,0.04,0.5400000000000003,8457877193.913322
1382,0.05,0.5400000000000003,8322350003.511309
1383,0.060000000000000005,0.5400000000000003,8183796634.23229
1384,0.07,0.5400000000000003,8042166401.974127
1385,0.08,0.5400000000000003,7897410569.372315
1386,0.09,0.5400000000000003,7749482762.686714
1387,0.09999999999999999,0.5400000000000003,7598339436.619278
1388,0.10999999999999999,0.5400000000000003,7443940391.973814
1389,0.11999999999999998,0.5400000000000003,7286249351.556903
1390,0.12999999999999998,0.5400000000000003,7125234600.25526
1391,0.13999999999999999,0.5400000000000003,6960869695.814393
1392,0.15,0.5400000000000003,6793134257.491024
1393,0.16,0.5400000000000003,6622014840.463852
1394,0.17,0.5400000000000003,6447505904.669672
1395,0.18000000000000002,0.5400000000000003,6269610887.592165
1396,0.19000000000000003,0.5400000000000003,6088343391.476166
1397,0.20000000000000004,0.5400000000000003,5903728496.47967
1398,0.21000000000000005,0.5400000000000003,5715804212.418611
1399,0.22000000000000006,0.5400000000000003,5524623083.015722
1400,0.23000000000000007,0.5400000000000003,5330253957.946035
1401,0.24000000000000007,0.5400000000000003,5132783949.49035
1402,0.25000000000000006,0.5400000000000003,4932320592.277902
1403,0.26000000000000006,0.5400000000000003,4728994226.43573
1404,0.2700000000000001,0.5400000000000003,4522960626.481642
1405,0.2800000000000001,0.5400000000000003,4314403900.518285
1406,0.2900000000000001,0.5400000000000003,4103539686.7282534
1407,0.3000000000000001,0.5400000000000003,3890618676.8562536
1408,0.3100000000000001,0.5400000000000003,3675930499.3188024
1409,0.3200000000000001,0.5400000000000003,3459807997.83179
1410,0.3300000000000001,0.5400000000000003,3242631945.0209036
1411,0.34000000000000014,0.5400000000000003,3024836234.4123635
1412,0.35000000000000014,0.5400000000000003,2806913598.527479
1413,0.36000000000000015,0.5400000000000003,2589421905.5638204
1414,0.37000000000000016,0.5400000000000003,2372991092.382112
1415,0.38000000000000017,0.5400000000000003,2158330797.279068
1416,0.3900000000000002,0.5400000000000003,1946238762.36539
1417,0.4000000000000002,0.5400000000000003,1737610082.3434217
1418,0.4100000000000002,0.5400000000000003,1533447384.15413
1419,0.4200000000000002,0.5400000000000003,1334872030.4094799
1420,0.4300000000000002,0.5400000000000003,1143136448.8211398
1421,0.4400000000000002,0.5400000000000003,959637700.0657051
1422,0.45000000000000023,0.5400000000000003,785932407.7845199
1423,0.46000000000000024,0.5400000000000003,623753186.8065977
1424,0.47000000000000025,0.5400000000000003,475026719.3204559
1425,0.48000000000000026,0.5400000000000003,341893643.7308234
1426,0.49000000000000027,0.5400000000000003,226730437.45796737
1427,0.5000000000000002,0.5400000000000003,132173493.12337592
1428,0.5100000000000002,0.5400000000000003,61145607.58409069
1429,0.5200000000000002,0.5400000000000003,16885125.314223044
1430,0.5300000000000002,0.5400000000000003,2978001.890052614
1431,0.01,0.5500000000000003,8970792211.062391
1432,0.02,0.5500000000000003,8846836460.367998
1433,0.03,0.5500000000000003,8720069844.741423
1434,0.04,0.5500000000000003,8590437251.824202
1435,0.05,0.5500000000000003,8457884244.265971
1436,0.060000000000000005,0.5500000000000003,8322357325.69245
1437,0.07,0.5500000000000003,8183804239.018586
1438,0.08,0.5500000000000003,8042174300.467232
1439,0.09,0.5500000000000003,7897418772.988431
1440,0.09999999999999999,0.5500000000000003,7749491283.142099
1441,0.10999999999999999,0.5500000000000003,7598348285.911055
1442,0.11999999999999998,0.5500000000000003,7443949582.355318
1443,0.12999999999999998,0.5500000000000003,7286258895.506678
1444,0.13999999999999999,0.5500000000000003,7125244510.438761
1445,0.15,0.5500000000000003,6960879985.03725
1446,0.16,0.5500000000000003,6793144938.642597
1447,0.17,0.5500000000000003,6622025926.449621
1448,0.18000000000000002,0.5500000000000003,6447517408.330819
1449,0.19000000000000003,0.5500000000000003,6269622821.610482
1450,0.20000000000000004,0.5500000000000003,6088355768.262128
1451,0.21000000000000005,0.5500000000000003,5903741328.041292
1452,0.22000000000000006,0.5500000000000003,5715817510.208308
1453,0.23000000000000007,0.5500000000000003,5524636857.752071
1454,0.24000000000000007,0.5500000000000003,5330268219.406883
1455,0.25000000000000006,0.5500000000000003,5132798706.273257
1456,0.26000000000000006,0.5500000000000003,4932335851.523347
1457,0.2700000000000001,0.5500000000000003,4729009993.507919
1458,0.2800000000000001,0.5500000000000003,4522976904.601006
1459,0.2900000000000001,0.5500000000000003,4314420690.33905
1460,0.3000000000000001,0.5500000000000003,4103556985.853498
1461,0.3100000000000001,0.5500000000000003,3890636479.2818627
1462,0.3200000000000001,0.5500000000000003,3675948794.796637
1463,0.3300000000000001,0.5500000000000003,3459826771.140979
1464,0.34000000000000014,0.5500000000000003,3242651175.134796
1465,0.35000000000000014,0.5500000000000003,3024855893.5469217
1466,0.36000000000000015,0.5500000000000003,2806933651.0550103
1467,0.37000000000000016,0.5500000000000003,2589442306.773796
1468,0.38000000000000017,0.5500000000000003,2373011787.0683584
1469,0.3900000000000002,0.5500000000000003,2158351718.1297965
1470,0.4000000000000002,0.5500000000000003,1946259828.129481
1471,0.4100000000000002,0.5500000000000003,1737631195.7426338
1472,0.4200000000000002,0.5500000000000003,1533468429.5069687
1473,0.4300000000000002,0.5500000000000003,1334892870.9277768
1474,0.4400000000000002,0.5500000000000003,1143156923.535155
1475,0.45000000000000023,0.5500000000000003,959657620.3276032
1476,0.46000000000000024,0.5500000000000003,785951553.2933171
1477,0.47000000000000025,0.5500000000000003,623771301.0899663
1478,0.48000000000000026,0.5500000000000003,475043504.6000449
1479,0.49000000000000027,0.5500000000000003,341908755.0878508
1480,0.5000000000000002,0.5500000000000003,226743476.20451874
1481,0.5100000000000002,0.5500000000000003,132183999.27206123
1482,0.5200000000000002,0.5500000000000003,61153051.29411595
1483,0.5300000000000002,0.5500000000000003,16888897.17538196
1484,0.5400000000000003,0.5500000000000003,2977401.887290866
1485,0.01,0.5600000000000003,9091998576.140106
1486,0.02,0.5600000000000003,8970798365.756042
1487,0.03,0.5600000000000003,8846842850.3415
1488,0.04,0.5600000000000003,8720076479.54645
1489,0.05,0.5600000000000003,8590444141.352673
1490,0.060000000000000005,0.5600000000000003,8457891398.750565
1491,0.07,0.5600000000000003,8322364755.704962
1492,0.08,0.5600000000000003,8183811955.465748
1493,0.09,0.5600000000000003,8042182314.583527
1494,0.09999999999999999,0.5600000000000003,7897427096.325401
1495,0.10999999999999999,0.5600000000000003,7749499927.553554
1496,0.11999999999999998,0.5600000000000003,7598357263.533499
1497,0.12999999999999998,0.5600000000000003,7443958905.582836
1498,0.13999999999999999,0.5600000000000003,7286268576.959414
1499,0.15,0.5600000000000003,7125254562.923987
1500,0.16,0.5600000000000003,6960890421.501866
1501,0.17,0.5600000000000003,6793155772.11583
1502,0.18000000000000002,0.5600000000000003,6622037169.974387
1503,0.19000000000000003,0.5600000000000003,6447529074.882142
1504,0.20000000000000004,0.5600000000000003,6269634923.99902
1505,0.21000000000000005,0.5600000000000003,6088368319.020682
1506,0.22000000000000006,0.5600000000000003,5903754339.291846
1507,0.23000000000000007,0.5600000000000003,5715830993.50682
1508,0.24000000000000007,0.5600000000000003,5524650823.907837
1509,0.25000000000000006,0.5600000000000003,5330282678.27293
1510,0.26000000000000006,0.5600000000000003,5132813666.503661
1511,0.2700000000000001,0.5600000000000003,4932351320.292904
1512,0.2800000000000001,0.5600000000000003,4729025976.188878
1513,0.2900000000000001,0.5600000000000003,4522993404.390996
1514,0.3000000000000001,0.5600000000000003,4314437707.833395
1515,0.3100000000000001,0.5600000000000003,4103574518.554332
1516,0.3200000000000001,0.5600000000000003,3890654521.03535
1517,0.3300000000000001,0.5600000000000003,3675967335.14847
1518,0.34000000000000014,0.5600000000000003,3459845794.5990257
1519,0.35000000000000014,0.5600000000000003,3242670660.326231
1520,0.36000000000000015,0.5600000000000003,3024875812.2554994
1521,0.37000000000000016,0.5600000000000003,2806953967.122236
1522,0.38000000000000017,0.5600000000000003,2589462974.845532
1523,0.3900000000000002,0.5600000000000003,2373032751.1659346
1524,0.4000000000000002,0.5600000000000003,2158372910.0219183
1525,0.4100000000000002,0.5600000000000003,1946281165.4779687
1526,0.4200000000000002,0.5600000000000003,1737652579.9914918
1527,0.4300000000000002,0.5600000000000003,1533489743.4801083
1528,0.4400000000000002,0.5600000000000003,1334913976.0960808
1529,0.45000000000000023,0.5600000000000003,1143177656.9082646
1530,0.46000000000000024,0.5600000000000003,959677790.9198194
1531,0.47000000000000025,0.5600000000000003,785970938.1061388
1532,0.48000000000000026,0.5600000000000003,623789640.5460649
1533,0.49000000000000027,0.5600000000000003,475060497.35463965
1534,0.5000000000000002,0.5600000000000003,341924052.13343966
1535,0.5100000000000002,0.5600000000000003,226756674.17355794
1536,0.5200000000000002,0.5600000000000003,132194632.82922155
1537,0.5300000000000002,0.5600000000000003,61160584.49508871
1538,0.5400000000000003,0.5600000000000003,16892713.652445644
1539,0.5500000000000003,0.5600000000000003,2976793.7028997964
1540,0.01,0.5700000000000003,9210505055.941769
1541,0.02,0.5700000000000003,9092004592.24458
1542,0.03,0.5700000000000003,8970804611.0227
1543,0.04,0.5700000000000003,8846849334.098137
1544,0.05,0.5700000000000003,8720083211.462168
1545,0.060000000000000005,0.5700000000000003,8590451131.440136
1546,0.07,0.5700000000000003,8457898657.366434
1547,0.08,0.5700000000000003,8322372293.54814
1548,0.09,0.5700000000000003,8183819783.573029
1549,0.09999999999999999,0.5700000000000003,8042190444.322226
1550,0.10999999999999999,0.5700000000000003,7897435539.382402
1551,0.11999999999999998,0.5700000000000003,7749508695.920214
1552,0.12999999999999998,0.5700000000000003,7598366369.485694
1553,0.13999999999999999,0.5700000000000003,7443968361.655411
1554,0.15,0.5700000000000003,7286278395.91411
1555,0.16,0.5700000000000003,7125264757.709877
1556,0.17,0.5700000000000003,6960901005.20713
1557,0.18000000000000002,0.5700000000000003,6793166757.909555
1558,0.19000000000000003,0.5700000000000003,6622048571.03693
1559,0.20000000000000004,0.5700000000000003,6447540904.322362
1560,0.21000000000000005,0.5700000000000003,6269647194.756438
1561,0.22000000000000006,0.5700000000000003,6088381043.75043
1562,0.23000000000000007,0.5700000000000003,5903767530.229879
1563,0.24000000000000007,0.5700000000000003,5715844662.312635
1564,0.25000000000000006,0.5700000000000003,5524664981.481453
1565,0.26000000000000006,0.5700000000000003,5330297334.542546
1566,0.2700000000000001,0.5700000000000003,5132828830.179888
1567,0.2800000000000001,0.5700000000000003,4932366998.584839
1568,0.2900000000000001,0.5700000000000003,4729042174.476842
1569,0.3000000000000001,0.5700000000000003,4523010125.849809
1570,0.3100000000000001,0.5700000000000003,4314454952.999489
1571,0.3200000000000001,0.5700000000000003,4103592284.828908
1572,0.3300000000000001,0.5700000000000003,3890672802.1148596
1573,0.34000000000000014,0.5700000000000003,3675986120.372464
1574,0.35000000000000014,0.5700000000000003,3459865068.204134
1575,0.36000000000000015,0.5700000000000003,3242690400.5934696
1576,0.37000000000000016,0.5700000000000003,3024895990.5364504
1577,0.38000000000000017,0.5700000000000003,2806974546.727636
1578,0.3900000000000002,0.5700000000000003,2589483909.777673
1579,0.4000000000000002,0.5700000000000003,2373053984.6737146
1580,0.4100000000000002,0.5700000000000003,2158394372.954579
1581,0.4200000000000002,0.5700000000000003,1946302774.4103518
1582,0.4300000000000002,0.5700000000000003,1737674235.0899367
1583,0.4400000000000002,0.5700000000000003,1533511326.0740309
1584,0.45000000000000023,0.5700000000000003,1334935345.9155235
1585,0.46000000000000024,0.5700000000000003,1143198648.9423895
1586,0.47000000000000025,0.5700000000000003,959698211.8452244
1587,0.48000000000000026,0.5700000000000003,785990562.2269945
1588,0.49000000000000027,0.5700000000000003,623808205.1802664
1589,0.5000000000000002,0.5700000000000003,475077697.5912261
1590,0.5100000000000002,0.5700000000000003,341939534.87649155
1591,0.5200000000000002,0.5700000000000003,226770031.37624633
1592,0.5300000000000002,0.5700000000000003,132205393.80868974
1593,0.5400000000000003,0.5700000000000003,61168207.20398391
1594,0.5500000000000003,0.5700000000000003,16896574.76608538
1595,0.5600000000000003,0.5700000000000003,2976177.3618876124
1596,0.01,0.5800000000000003,9326367488.311985
1597,0.02,0.5800000000000003,9210510936.365314
1598,0.03,0.5800000000000003,9092010695.825443
1599,0.04,0.5800000000000003,8970810946.86181
1600,0.05,0.5800000000000003,8846855911.637333
1601,0.060000000000000005,0.5800000000000003,8720090040.487965
1602,0.07,0.5800000000000003,8590458222.08595
1603,0.08,0.5800000000000003,8457906020.112904
1604,0.09,0.5800000000000003,8322379939.221264
1605,0.09999999999999999,0.5800000000000003,8183827723.339674
1606,0.10999999999999999,0.5800000000000003,8042198689.682533
1607,0.11999999999999998,0.5800000000000003,7897444102.158598
1608,0.12999999999999998,0.5800000000000003,7749517588.241196
1609,0.13999999999999999,0.5800000000000003,7598375603.766712
1610,0.15,0.5800000000000003,7443977950.572062
1611,0.16,0.5800000000000003,7286288352.369736
1612,0.17,0.5800000000000003,7125275094.795358
1613,0.18000000000000002,0.5800000000000003,6960911736.151913
1614,0.19000000000000003,0.5800000000000003,6793177896.022584
1615,0.20000000000000004,0.5800000000000003,6622060129.636006
1616,0.21000000000000005,0.5800000000000003,6447552896.650177
1617,0.22000000000000006,0.5800000000000003,6269659633.881382
1618,0.23000000000000007,0.5800000000000003,6088393942.449954
1619,0.24000000000000007,0.5800000000000003,5903780900.85392
1620,0.25000000000000006,0.5800000000000003,5715858516.624218
1621,0.26000000000000006,0.5800000000000003,5524679330.471323
1622,0.2700000000000001,0.5800000000000003,5330312188.21409
1623,0.2800000000000001,0.5800000000000003,5132844197.300232
1624,0.2900000000000001,0.5800000000000003,4932382886.397411
1625,0.3000000000000001,0.5800000000000003,4729058588.370012
1626,0.3100000000000001,0.5800000000000003,4523027068.975615
1627,0.3200000000000001,0.5800000000000003,4314472425.835476
1628,0.3300000000000001,0.5800000000000003,4103610284.675361
1629,0.34000000000000014,0.5800000000000003,3890691322.518525
1630,0.35000000000000014,0.5800000000000003,3676005150.4667683
1631,0.36000000000000015,0.5800000000000003,3459884591.954486
1632,0.37000000000000016,0.5800000000000003,3242710395.9347553
1633,0.38000000000000017,0.5800000000000003,3024916428.388104
1634,0.3900000000000002,0.5800000000000003,2806995389.8696704
1635,0.4000000000000002,0.5800000000000003,2589505111.568852
1636,0.4100000000000002,0.5800000000000003,2373075487.5905514
1637,0.4200000000000002,0.5800000000000003,2158416106.926924
1638,0.4300000000000002,0.5800000000000003,1946324654.9261322
1639,0.4400000000000002,0.5800000000000003,1737696161.0379105
1640,0.45000000000000023,0.5800000000000003,1533533177.289216
1641,0.46000000000000024,0.5800000000000003,1334956980.3872504
1642,0.47000000000000025,0.5800000000000003,1143219899.6394787
1643,0.48000000000000026,0.5800000000000003,959718883.1067289
1644,0.49000000000000027,0.5800000000000003,786010425.6599507
1645,0.5000000000000002,0.5800000000000003,623826994.9980075
1646,0.5100000000000002,0.5800000000000003,475095105.3168784
1647,0.5200000000000002,0.5800000000000003,341955203.3260163
1648,0.5300000000000002,0.5800000000000003,226783547.82388574
1649,0.5400000000000003,0.5800000000000003,132216282.22446989
1650,0.5500000000000003,0.5800000000000003,61175919.437987
1651,0.5600000000000003,0.5800000000000003,16900480.5372245
1652,0.5700000000000003,0.5800000000000003,2975552.8895653747
1653,0.01,0.5900000000000003,9439641587.909328
1654,0.02,0.5900000000000003,9326373235.95554
1655,0.03,0.5900000000000003,9210516901.27932
1656,0.04,0.5900000000000003,9092016886.882175
1657,0.05,0.5900000000000003,8970817373.27282
1658,0.060000000000000005,0.5900000000000003,8846862582.958496
1659,0.07,0.5900000000000003,8720096966.623226
1660,0.08,0.5900000000000003,8590465413.289455
1661,0.09,0.5900000000000003,8457913486.989279
1662,0.09999999999999999,0.5900000000000003,8322387692.723612
1663,0.10999999999999999,0.5900000000000003,8183835774.764917
1664,0.11999999999999998,0.5900000000000003,8042207050.663642
1665,0.12999999999999998,0.5900000000000003,7897452784.653136
1666,0.13999999999999999,0.5900000000000003,7749526604.515605
1667,0.15,0.5900000000000003,7598384966.375616
1668,0.16,0.5900000000000003,7443987672.331804
1669,0.17,0.5900000000000003,7286298446.325253
1670,0.18000000000000002,0.5900000000000003,7125285574.179334
1671,0.19000000000000003,0.5900000000000003,6960922614.335062
1672,0.20000000000000004,0.5900000000000003,6793189186.453718
1673,0.21000000000000005,0.5900000000000003,6622071845.770361
1674,0.22000000000000006,0.5900000000000003,6447565051.864272
1675,0.23000000000000007,0.5900000000000003,6269672241.3724785
1676,0.24000000000000007,0.5900000000000003,6088407015.117825
1677,0.25000000000000006,0.5900000000000003,5903794451.162469
1678,0.26000000000000006,0.5900000000000003,5715872556.440016
1679,0.2700000000000001,0.5900000000000003,5524693870.875836
1680,0.2800000000000001,0.5900000000000003,5330327239.2858925
1681,0.2900000000000001,0.5900000000000003,5132859767.862979
1682,0.3000000000000001,0.5900000000000003,4932398983.728846
1683,0.3100000000000001,0.5900000000000003,4729075217.866585
1684,0.3200000000000001,0.5900000000000003,4523044233.766566
1685,0.3300000000000001,0.5900000000000003,4314490126.33948
1686,0.34000000000000014,0.5900000000000003,4103628518.0917907
1687,0.35000000000000014,0.5900000000000003,3890710082.2444487
1688,0.36000000000000015,0.5900000000000003,3676024425.4295006
1689,0.37000000000000016,0.5900000000000003,3459904365.8482327
1690,0.38000000000000017,0.5900000000000003,3242730646.3483047
1691,0.3900000000000002,0.5900000000000003,3024937125.808778
1692,0.4000000000000002,0.5900000000000003,2807016496.5467806
1693,0.4100000000000002,0.5900000000000003,2589526580.21769
1694,0.4200000000000002,0.5900000000000003,2373097259.915293
1695,0.4300000000000002,0.5900000000000003,2158438111.9380865
1696,0.4400000000000002,0.5900000000000003,1946346807.0248053
1697,0.45000000000000023,0.5900000000000003,1737718357.8353567
1698,0.46000000000000024,0.5900000000000003,1533555297.1261654
1699,0.47000000000000025,0.5900000000000003,1334978879.5124302
1700,0.48000000000000026,0.5900000000000003,1143241409.0015092
1701,0.49000000000000027,0.5900000000000003,959739804.7072854
1702,0.5000000000000002,0.5900000000000003,786030528.4091225
1703,0.5100000000000002,0.5900000000000003,623846010.004801
1704,0.5200000000000002,0.5900000000000003,475112720.5387614
1705,0.5300000000000002,0.5900000000000003,341971057.4911399
1706,0.5400000000000003,0.5900000000000003,226797223.5279203
1707,0.5500000000000003,0.5900000000000003,132227298.0907382
1708,0.5600000000000003,0.5900000000000003,61183721.21449295
1709,0.5700000000000003,0.5900000000000003,16904430.98703955
1710,0.5800000000000003,0.5900000000000003,2974920.3115465376
1711,0.01,0.6000000000000003,9550382801.311657
1712,0.02,0.6000000000000003,9439647205.658937
1713,0.03,0.6000000000000003,9326379065.210869
1714,0.04,0.6000000000000003,9210522950.683273
1715,0.05,0.6000000000000003,9092023165.414234
1716,0.060000000000000005,0.6000000000000003,8970823890.255157
1717,0.07,0.6000000000000003,8846869348.061031
1718,0.08,0.6000000000000003,8720103989.867315
1719,0.09,0.6000000000000003,8590472705.049992
1720,0.09999999999999999,0.6000000000000003,8457921057.994862
1721,0.10999999999999999,0.6000000000000003,8322395554.054444
1722,0.11999999999999998,0.6000000000000003,8183843937.847984
1723,0.12999999999999998,0.6000000000000003,8042215527.264734
1724,0.13999999999999999,0.6000000000000003,7897461586.865157
1725,0.15,0.6000000000000003,7749535744.742535
1726,0.16,0.6000000000000003,7598394457.311445
1727,0.17,0.6000000000000003,7443997526.933632
1728,0.18000000000000002,0.6000000000000003,7286308677.779606
1729,0.19000000000000003,0.6000000000000003,7125296195.8607
1730,0.20000000000000004,0.6000000000000003,6960933639.755423
1731,0.21000000000000005,0.6000000000000003,6793200629.20174
1732,0.22000000000000006,0.6000000000000003,6622083719.438714
1733,0.23000000000000007,0.6000000000000003,6447577369.963314
1734,0.24000000000000007,0.6000000000000003,6269685017.228325
1735,0.25000000000000006,0.6000000000000003,6088420261.752584
1736,0.26000000000000006,0.6000000000000003,5903808181.154007
1737,0.2700000000000001,0.6000000000000003,5715886781.758451
1738,0.2800000000000001,0.6000000000000003,5524708602.69336
1739,0.2900000000000001,0.6000000000000003,5330342487.756261
1740,0.3000000000000001,0.6000000000000003,5132875541.866378
1741,0.3100000000000001,0.6000000000000003,4932415290.57735
1742,0.3200000000000001,0.6000000000000003,4729092062.964714
1743,0.3300000000000001,0.6000000000000003,4523061620.220785
1744,0.34000000000000014,0.6000000000000003,4314508054.509599
1745,0.35000000000000014,0.6000000000000003,4103646985.0762825
1746,0.36000000000000015,0.6000000000000003,3890729081.2907095
1747,0.37000000000000016,0.6000000000000003,3676043945.2587547
1748,0.38000000000000017,0.6000000000000003,3459924389.8835125
1749,0.3900000000000002,0.6000000000000003,3242751151.8323193
1750,0.4000000000000002,0.6000000000000003,3024958082.7967587
1751,0.4100000000000002,0.6000000000000003,2807037866.757397
1752,0.4200000000000002,0.6000000000000003,2589548315.722786
1753,0.4300000000000002,0.6000000000000003,2373119301.6467705
1754,0.4400000000000002,0.6000000000000003,2158460387.9871902
1755,0.45000000000000023,0.6000000000000003,1946369230.705864
1756,0.46000000000000024,0.6000000000000003,1737740825.482224
1757,0.47000000000000025,0.6000000000000003,1533577685.5853775
1758,0.48000000000000026,0.6000000000000003,1335001043.292243
1759,0.49000000000000027,0.6000000000000003,1143263177.0304852
1760,0.5000000000000002,0.6000000000000003,959760976.6498855
1761,0.5100000000000002,0.6000000000000003,786050870.4786859
1762,0.5200000000000002,0.6000000000000003,623865250.2062262
1763,0.5300000000000002,0.6000000000000003,475130543.2641293
1764,0.5400000000000003,0.6000000000000003,341987097.3811009
1765,0.5500000000000003,0.6000000000000003,226811058.49993366
1766,0.5600000000000003,0.6000000000000003,132238441.42184332
1767,0.5700000000000003,0.6000000000000003,61191612.551104724
1768,0.5800000000000003,0.6000000000000003,16908426.136958305
1769,0.5900000000000003,0.6000000000000003,2974279.653747315
1770,0.01,0.6100000000000003,9658646179.828644
1771,0.02,0.6100000000000003,9550388292.03185
1772,0.03,0.6100000000000003,9439652902.24547
1773,0.04,0.6100000000000003,9326384976.077484
1774,0.05,0.6100000000000003,9210529084.576664
1775,0.060000000000000005,0.6100000000000003,9092029531.421076
1776,0.07,0.6100000000000003,8970830497.808254
1777,0.08,0.6100000000000003,8846876206.944336
1778,0.09,0.6100000000000003,8720111110.219599
1779,0.09999999999999999,0.6100000000000003,8590480097.366886
1780,0.10999999999999999,0.6100000000000003,8457928733.128946
1781,0.11999999999999998,0.6100000000000003,8322403523.213011
1782,0.12999999999999998,0.6100000000000003,8183852212.588085
1783,0.13999999999999999,0.6100000000000003,8042224119.484982
1784,0.15,0.6100000000000003,7897470508.793785
1785,0.16,0.6100000000000003,7749545008.921062
1786,0.17,0.6100000000000003,7598404076.57324
1787,0.18000000000000002,0.6100000000000003,7444007514.376528
1788,0.19000000000000003,0.6100000000000003,7286319046.731726
1789,0.20000000000000004,0.6100000000000003,7125306959.838329
1790,0.21000000000000005,0.6100000000000003,6960944812.41181
1791,0.22000000000000006,0.6100000000000003,6793212224.265413
1792,0.23000000000000007,0.6100000000000003,6622095750.639772
1793,0.24000000000000007,0.6100000000000003,6447589850.945944
1794,0.25000000000000006,0.6100000000000003,6269697961.4475155
1795,0.26000000000000006,0.6100000000000003,6088433682.3527565
1796,0.2700000000000001,0.6100000000000003,5903822090.827006
1797,0.2800000000000001,0.6100000000000003,5715901192.5779295
1798,0.2900000000000001,0.6100000000000003,5524723525.92224
1799,0.3000000000000001,0.6100000000000003,5330357933.623484
1800,0.3100000000000001,0.6100000000000003,5132891519.308669
1801,0.3200000000000001,0.6100000000000003,4932431806.941107
1802,0.3300000000000001,0.6100000000000003,4729109123.662543
1803,0.34000000000000014,0.6100000000000003,4523079228.336378
1804,0.35000000000000014,0.6100000000000003,4314526210.343901
1805,0.36000000000000015,0.6100000000000003,4103665685.626893
1806,0.37000000000000016,0.6100000000000003,3890748319.655362
1807,0.38000000000000017,0.6100000000000003,3676063709.9526067
1808,0.3900000000000002,0.6100000000000003,3459944664.0584345
1809,0.4000000000000002,0.6100000000000003,3242771912.38497
1810,0.4100000000000002,0.6100000000000003,3024979299.3503246
1811,0.4200000000000002,0.6100000000000003,2807059500.4999213
1812,0.4300000000000002,0.6100000000000003,2589570318.082726
1813,0.4400000000000002,0.6100000000000003,2373141612.7838025
1814,0.45000000000000023,0.6100000000000003,2158482935.0733533
1815,0.46000000000000024,0.6100000000000003,1946391925.9687943
1816,0.47000000000000025,0.6100000000000003,1737763563.978459
1817,0.48000000000000026,0.6100000000000003,1533600342.6673703
1818,0.49000000000000027,0.6100000000000003,1335023471.7278905
1819,0.5000000000000002,0.6100000000000003,1143285203.7284362
1820,0.5100000000000002,0.6100000000000003,959782398.9375575
1821,0.5200000000000002,0.6100000000000003,786071451.8728638
1822,0.5300000000000002,0.6100000000000003,623884715.607936
1823,0.5400000000000003,0.6100000000000003,475148573.5003282
1824,0.5500000000000003,0.6100000000000003,342003323.0052526
1825,0.5600000000000003,0.6100000000000003,226825052.75164968
1826,0.5700000000000003,0.6100000000000003,132249712.2323069
1827,0.5800000000000003,0.6100000000000003,61199593.46563578
1828,0.5900000000000003,0.6100000000000003,16912466.00866224
1829,0.6000000000000003,0.6100000000000003,2973630.9423863734
1830,0.01,0.6200000000000003,9764486268.29639
1831,0.02,0.6200000000000003,9658651546.356646
1832,0.03,0.6200000000000003,9550393858.914549
1833,0.04,0.6200000000000003,9439658677.668455
1834,0.05,0.6200000000000003,9326390968.55489
1835,0.060000000000000005,0.6200000000000003,9210535302.958963
1836,0.07,0.6200000000000003,9092035984.902147
1837,0.08,0.6200000000000003,8970837195.931524
1838,0.09,0.6200000000000003,8846883159.607794
1839,0.09999999999999999,0.6200000000000003,8720118327.679428
1840,0.10999999999999999,0.6200000000000003,8590487590.23945
1841,0.11999999999999998,0.6200000000000003,8457936512.390806
1842,0.12999999999999998,0.6200000000000003,8322411600.198557
1843,0.13999999999999999,0.6200000000000003,8183860598.984419
1844,0.15,0.6200000000000003,8042232827.32354
1845,0.16,0.6200000000000003,7897479550.438137
1846,0.17,0.6200000000000003,7749554397.050259
1847,0.18000000000000002,0.6200000000000003,7598413824.160009
1848,0.19000000000000003,0.6200000000000003,7444017634.659462
1849,0.20000000000000004,0.6200000000000003,7286329553.18053
1850,0.21000000000000005,0.6200000000000003,7125317866.11109
1851,0.22000000000000006,0.6200000000000003,6960956132.303036
1852,0.23000000000000007,0.6200000000000003,6793223971.643488
1853,0.24000000000000007,0.6200000000000003,6622107939.37223
1854,0.25000000000000006,0.6200000000000003,6447602494.810799
1855,0.26000000000000006,0.6200000000000003,6269711074.028615
1856,0.2700000000000001,0.6200000000000003,6088447276.916849
1857,0.2800000000000001,0.6200000000000003,5903836180.179909
1858,0.2900000000000001,0.6200000000000003,5715915788.896836
1859,0.3000000000000001,0.6200000000000003,5524738640.560799
1860,0.3100000000000001,0.6200000000000003,5330373576.885828
1861,0.3200000000000001,0.6200000000000003,5132907700.188055
1862,0.3300000000000001,0.6200000000000003,4932448532.8182745
1863,0.34000000000000014,0.6200000000000003,4729126399.95818
1864,0.35000000000000014,0.6200000000000003,4523097058.111419
1865,0.36000000000000015,0.6200000000000003,4314544593.840442
1866,0.37000000000000016,0.6200000000000003,4103684619.7416553
1867,0.38000000000000017,0.6200000000000003,3890767797.336446
1868,0.3900000000000002,0.6200000000000003,3676083719.5091043
1869,0.4000000000000002,0.6200000000000003,3459965188.3710876
1870,0.4100000000000002,0.6200000000000003,3242792928.0044127
1871,0.4200000000000002,0.6200000000000003,3025000775.4677267
1872,0.4300000000000002,0.6200000000000003,2807081397.772744
1873,0.4400000000000002,0.6200000000000003,2589592587.2960825
1874,0.45000000000000023,0.6200000000000003,2373164193.3251977
1875,0.46000000000000024,0.6200000000000003,2158505753.1956816
1876,0.47000000000000025,0.6200000000000003,1946414892.8130846
1877,0.48000000000000026,0.6200000000000003,1737786573.3240142
1878,0.49000000000000027,0.6200000000000003,1533623268.372662
1879,0.5000000000000002,0.6200000000000003,1335046164.8205934
1880,0.5100000000000002,0.6200000000000003,1143307489.097422
1881,0.5200000000000002,0.6200000000000003,959804071.5733752
1882,0.5300000000000002,0.6200000000000003,786092272.5959367
1883,0.5400000000000003,0.6200000000000003,623904406.2156495
1884,0.5500000000000003,0.6200000000000003,475166811.2547951
1885,0.5600000000000003,0.6200000000000003,342019734.37306017
1886,0.5700000000000003,0.6200000000000003,226839206.29493344
1887,0.5800000000000003,0.6200000000000003,132261110.53682306
1888,0.5900000000000003,0.6200000000000003,61207663.9761087
1889,0.6000000000000003,0.6200000000000003,16916550.624084815
1890,0.6100000000000003,0.6200000000000003,2972974.203985021
1891,0.01,0.6300000000000003,9867957008.286703
1892,0.02,0.6300000000000003,9764491513.437088
1893,0.03,0.6300000000000003,9658656986.469807
1894,0.04,0.6300000000000003,9550399501.9593
1895,0.05,0.6300000000000003,9439664531.927414
1896,0.060000000000000005,0.6300000000000003,9326397042.642578
1897,0.07,0.6300000000000003,9210541605.829643
1898,0.08,0.6300000000000003,9092042525.856892
1899,0.09,0.6300000000000003,8970843984.624378
1900,0.09999999999999999,0.6300000000000003,8846890206.050776
1901,0.10999999999999999,0.6300000000000003,8720125642.24614
1902,0.11999999999999998,0.6300000000000003,8590495183.667
1903,0.12999999999999998,0.6300000000000003,8457944395.7797165
1904,0.13999999999999999,0.6300000000000003,8322419785.010311
1905,0.15,0.6300000000000003,8183869097.036177
1906,0.16,0.6300000000000003,8042241650.779556
1907,0.17,0.6300000000000003,7897488711.797308
1908,0.18000000000000002,0.6300000000000003,7749563909.129177
1909,0.19000000000000003,0.6300000000000003,7598423700.070765
1910,0.20000000000000004,0.6300000000000003,7444027887.781385
1911,0.21000000000000005,0.6300000000000003,7286340197.124915
1912,0.22000000000000006,0.6300000000000003,7125328914.677823
1913,0.23000000000000007,0.6300000000000003,6960967599.427887
1914,0.24000000000000007,0.6300000000000003,6793235871.334692
1915,0.25000000000000006,0.6300000000000003,6622120285.634751
1916,0.26000000000000006,0.6300000000000003,6447615301.556484
1917,0.2700000000000001,0.6300000000000003,6269724354.970174
1918,0.2800000000000001,0.6300000000000003,6088461045.443348
1919,0.2900000000000001,0.6300000000000003,5903850449.211138
1920,0.3000000000000001,0.6300000000000003,5715930570.713529
1921,0.3100000000000001,0.6300000000000003,5524753946.607338
1922,0.3200000000000001,0.6300000000000003,5330389417.5415325
1923,0.3300000000000001,0.6300000000000003,5132924084.5027275
1924,0.34000000000000014,0.6300000000000003,4932465468.206993
1925,0.35000000000000014,0.6300000000000003,4729143891.849725
1926,0.36000000000000015,0.6300000000000003,4523115109.543962
1927,0.37000000000000016,0.6300000000000003,4314563204.997247
1928,0.38000000000000017,0.6300000000000003,4103703787.4185815
1929,0.3900000000000002,0.6300000000000003,3890787514.3319654
1930,0.4000000000000002,0.6300000000000003,3676103973.9262743
1931,0.4100000000000002,0.6300000000000003,3459985962.819541
1932,0.4200000000000002,0.6300000000000003,3242814198.6887884
1933,0.4300000000000002,0.6300000000000003,3025022511.147197
1934,0.4400000000000002,0.6300000000000003,2807103558.574235
1935,0.45000000000000023,0.6300000000000003,2589615123.36141
1936,0.46000000000000024,0.6300000000000003,2373187043.2697506
1937,0.47000000000000025,0.6300000000000003,2158528842.3532743
1938,0.48000000000000026,0.6300000000000003,1946438131.238211
1939,0.49000000000000027,0.6300000000000003,1737809853.5188441
1940,0.5000000000000002,0.6300000000000003,1533646462.7017903
1941,0.5100000000000002,0.6300000000000003,1335069122.5715864
1942,0.5200000000000002,0.6300000000000003,1143330033.1395311
1943,0.5300000000000002,0.6300000000000003,959825994.5604413
1944,0.5400000000000003,0.6300000000000003,786113332.6522384
1945,0.5500000000000003,0.6300000000000003,623924322.035164
1946,0.5600000000000003,0.6300000000000003,475185256.5350518
1947,0.5700000000000003,0.6300000000000003,342036331.49410284
1948,0.5800000000000003,0.6300000000000003,226853519.1417892
1949,0.5900000000000003,0.6300000000000003,132272636.3502562
1950,0.6000000000000003,0.6300000000000003,61215824.100754425
1951,0.6100000000000003,0.6300000000000003,16920680.005410973
1952,0.6200000000000003,0.6300000000000003,2972309.4653668473
1953,0.01,0.6400000000000003,9969111654.307224
1954,0.02,0.6400000000000003,9867962134.808327
1955,0.03,0.6400000000000003,9764496829.679363
1956,0.04,0.6400000000000003,9658662500.167694
1957,0.05,0.6400000000000003,9550405221.165644
1958,0.060000000000000005,0.6400000000000003,9439670465.021864
1959,0.07,0.6400000000000003,9326403198.340042
1960,0.08,0.6400000000000003,9210547993.18816
1961,0.09,0.6400000000000003,9092049154.284735
1962,0.09999999999999999,0.6400000000000003,8970850863.886217
1963,0.10999999999999999,0.6400000000000003,8846897346.272657
1964,0.11999999999999998,0.6400000000000003,8720133053.919075
1965,0.12999999999999998,0.6400000000000003,8590502877.648827
1966,0.13999999999999999,0.6400000000000003,8457952383.294935
1967,0.15,0.6400000000000003,8322428077.647492
1968,0.16,0.6400000000000003,8183877706.742538
1969,0.17,0.6400000000000003,8042250589.852163
1970,0.18000000000000002,0.6400000000000003,7897497992.870394
1971,0.19000000000000003,0.6400000000000003,7749573545.156862
1972,0.20000000000000004,0.6400000000000003,7598433704.304497
1973,0.21000000000000005,0.6400000000000003,7444038273.7412405
1974,0.22000000000000006,0.6400000000000003,7286350978.563773
1975,0.23000000000000007,0.6400000000000003,7125340105.53736
1976,0.24000000000000007,0.6400000000000003,6960979213.785135
1977,0.25000000000000006,0.6400000000000003,6793247923.337742
1978,0.26000000000000006,0.6400000000000003,6622132789.425996
1979,0.2700000000000001,0.6400000000000003,6447628271.181595
1980,0.2800000000000001,0.6400000000000003,6269737804.27072
1981,0.2900000000000001,0.6400000000000003,6088474987.930721
1982,0.3000000000000001,0.6400000000000003,5903864897.9191
1983,0.3100000000000001,0.6400000000000003,5715945538.026355
1984,0.3200000000000001,0.6400000000000003,5524769444.060137
1985,0.3300000000000001,0.6400000000000003,5330405455.588821
1986,0.34000000000000014,0.6400000000000003,5132940672.250855
1987,0.35000000000000014,0.6400000000000003,4932482613.105371
1988,0.36000000000000015,0.6400000000000003,4729161599.335239
1989,0.37000000000000016,0.6400000000000003,4523133382.632036
1990,0.38000000000000017,0.6400000000000003,4314582043.812317
1991,0.3900000000000002,0.6400000000000003,4103723188.6556563
1992,0.4000000000000002,0.6400000000000003,3890807470.6399064
1993,0.4100000000000002,0.6400000000000003,3676124473.2021213
1994,0.4200000000000002,0.6400000000000003,3460006987.4018364
1995,0.4300000000000002,0.6400000000000003,3242835724.436198
1996,0.4400000000000002,0.6400000000000003,3025044506.3869457
1997,0.45000000000000023,0.6400000000000003,2807125982.902749
1998,0.46000000000000024,0.6400000000000003,2589637926.277248
1999,0.47000000000000025,0.6400000000000003,2373210162.616241
2000,0.48000000000000026,0.6400000000000003,2158552202.5452237
2001,0.49000000000000027,0.6400000000000003,1946461641.2436516
2002,0.5000000000000002,0.6400000000000003,1737833404.5628996
2003,0.5100000000000002,0.6400000000000003,1533669925.6552925
2004,0.5200000000000002,0.6400000000000003,1335092344.9821215
2005,0.5300000000000002,0.6400000000000003,1143352835.8568742
2006,0.5400000000000003,0.6400000000000003,959848167.9019134
2007,0.5500000000000003,0.6400000000000003,786134632.0461588
2008,0.5600000000000003,0.6400000000000003,623944463.0723398
2009,0.5700000000000003,0.6400000000000003,475203909.3487195
2010,0.5800000000000003,0.6400000000000003,342053114.3780726
2011,0.5900000000000003,0.6400000000000003,226867991.30436483
2012,0.6000000000000003,0.6400000000000003,132284289.68764554
2013,0.6100000000000003,0.6400000000000003,61224073.858014375
2014,0.6200000000000003,0.6400000000000003,16924854.17507919
2015,0.6300000000000003,0.6400000000000003,2971636.7536579664
2016,0.01,0.6500000000000004,10068002701.69905
2017,0.02,0.6500000000000004,9969116664.937595
2018,0.03,0.6500000000000004,9867967330.03843
2019,0.04,0.6500000000000004,9764502217.022785
2020,0.05,0.6500000000000004,9658668087.44986
2021,0.060000000000000005,0.6500000000000004,9550411016.533113
2022,0.07,0.6500000000000004,9439676476.95131
2023,0.08,0.6500000000000004,9326409435.646765
2024,0.09,0.6500000000000004,9210554465.033972
2025,0.09999999999999999,0.6500000000000004,9092055870.185106
2026,0.10999999999999999,0.6500000000000004,8970857833.71643
2027,0.11999999999999998,0.6500000000000004,8846904580.272795
2028,0.12999999999999998,0.6500000000000004,8720140562.697556
2029,0.13999999999999999,0.6500000000000004,8590510672.184223
2030,0.15,0.6500000000000004,8457960474.93571
2031,0.16,0.6500000000000004,8322436478.109315
2032,0.17,0.6500000000000004,8183886428.102667
2033,0.18000000000000002,0.6500000000000004,8042259644.540489
2034,0.19000000000000003,0.6500000000000004,7897507393.6564665
2035,0.20000000000000004,0.6500000000000004,7749583305.132334
2036,0.21000000000000005,0.6500000000000004,7598443836.860184
2037,0.22000000000000006,0.6500000000000004,7444048792.537952
2038,0.23000000000000007,0.6500000000000004,7286361897.495972
2039,0.24000000000000007,0.6500000000000004,7125351438.68852
2040,0.25000000000000006,0.6500000000000004,6960990975.373546
2041,0.26000000000000006,0.6500000000000004,6793260127.651337
2042,0.2700000000000001,0.6500000000000004,6622145450.744597
2043,0.2800000000000001,0.6500000000000004,6447641403.684703
2044,0.2900000000000001,0.6500000000000004,6269751421.928767
2045,0.3000000000000001,0.6500000000000004,6088489104.377416
2046,0.3100000000000001,0.6500000000000004,5903879526.302174
2047,0.3200000000000001,0.6500000000000004,5715960690.83363
2048,0.3300000000000001,0.6500000000000004,5524785132.917452
2049,0.34000000000000014,0.6500000000000004,5330421691.025892
2050,0.35000000000000014,0.6500000000000004,5132957463.430573
2051,0.36000000000000015,0.6500000000000004,4932499967.511505
2052,0.37000000000000016,0.6500000000000004,4729179522.412772
2053,0.38000000000000017,0.6500000000000004,4523151877.373647
2054,0.3900000000000002,0.6500000000000004,4314601110.283628
2055,0.4000000000000002,0.6500000000000004,4103742823.450844
2056,0.4100000000000002,0.6500000000000004,3890827666.258231
2057,0.4200000000000002,0.6500000000000004,3676145217.3346257
2058,0.4300000000000002,0.6500000000000004,3460028262.1159925
2059,0.4400000000000002,0.6500000000000004,3242857505.2447395
2060,0.45000000000000023,0.6500000000000004,3025066761.185169
2061,0.46000000000000024,0.6500000000000004,2807148670.7566214
2062,0.47000000000000025,0.6500000000000004,2589660996.042124
2063,0.48000000000000026,0.6500000000000004,2373233551.3634415
2064,0.49000000000000027,0.6500000000000004,2158575833.770612
2065,0.5000000000000002,0.6500000000000004,1946485422.8288844
2066,0.5100000000000002,0.6500000000000004,1737857226.4561408
2067,0.5200000000000002,0.6500000000000004,1533693657.233721
2068,0.5300000000000002,0.6500000000000004,1335115832.053468
2069,0.5400000000000003,0.6500000000000004,1143375897.251598
2070,0.5500000000000003,0.6500000000000004,959870591.6009753
2071,0.5600000000000003,0.6500000000000004,786156170.7821376
2072,0.5700000000000003,0.6500000000000004,623964829.3331109
2073,0.5800000000000003,0.6500000000000004,475222769.70350343
2074,0.5900000000000003,0.6500000000000004,342070083.034778
2075,0.6000000000000003,0.6500000000000004,226882622.79494587
2076,0.6100000000000003,0.6500000000000004,132296070.56420043
2077,0.6200000000000003,0.6500000000000004,61232413.26653823
2078,0.6300000000000003,0.6500000000000004,16929073.15577923
2079,0.6400000000000003,0.6500000000000004,2970956.096286829
2080,0.01,0.6600000000000004,10164681825.057564
2081,0.02,0.6600000000000004,10068007599.122429
2082,0.03,0.6600000000000004,9969121741.97065
2083,0.04,0.6600000000000004,9867972593.976604
2084,0.05,0.6600000000000004,9764507675.466936
2085,0.060000000000000005,0.6600000000000004,9658673748.315859
2086,0.07,0.6600000000000004,9550416888.061237
2087,0.08,0.6600000000000004,9439682567.715258
2088,0.09,0.6600000000000004,9326415754.562216
2089,0.09999999999999999,0.6600000000000004,9210561021.366522
2090,0.10999999999999999,0.6600000000000004,9092062673.557417
2091,0.11999999999999998,0.6600000000000004,8970864894.114403
2092,0.12999999999999998,0.6600000000000004,8846911908.050539
2093,0.13999999999999999,0.6600000000000004,8720148168.580894
2094,0.15,0.6600000000000004,8590518567.27246
2095,0.16,0.6600000000000004,8457968670.7012825
2096,0.17,0.6600000000000004,8322444986.39497
2097,0.18000000000000002,0.6600000000000004,8183895261.115725
2098,0.19000000000000003,0.6600000000000004,8042268814.843639
2099,0.20000000000000004,0.6600000000000004,7897516914.154592
2100,0.21000000000000005,0.6600000000000004,7749593189.054615
2101,0.22000000000000006,0.6600000000000004,7598454097.73679
2102,0.23000000000000007,0.6600000000000004,7444059444.170432
2103,0.24000000000000007,0.6600000000000004,7286372953.92037
2104,0.25000000000000006,0.6600000000000004,7125362914.1301
2105,0.26000000000000006,0.6600000000000004,6961002884.191851
2106,0.2700000000000001,0.6600000000000004,6793272484.274156
2107,0.2800000000000001,0.6600000000000004,6622158269.589179
2108,0.2900000000000001,0.6600000000000004,6447654699.064369
2109,0.3000000000000001,0.6600000000000004,6269765207.942806
2110,0.3100000000000001,0.6600000000000004,6088503394.781862
2111,0.3200000000000001,0.6600000000000004,5903894334.3587265
2112,0.3300000000000001,0.6600000000000004,5715976029.133655
2113,0.34000000000000014,0.6600000000000004,5524801013.177524
2114,0.35000000000000014,0.6600000000000004,5330438123.850925
2115,0.36000000000000015,0.6600000000000004,5132974458.040007
2116,0.37000000000000016,0.6600000000000004,4932517531.423459
2117,0.38000000000000017,0.6600000000000004,4729197661.080339
2118,0.3900000000000002,0.6600000000000004,4523170593.766782
2119,0.4000000000000002,0.6600000000000004,4314620404.409135
2120,0.4100000000000002,0.6600000000000004,4103762691.8020773
2121,0.4200000000000002,0.6600000000000004,3890848101.1848764
2122,0.4300000000000002,0.6600000000000004,3676166206.3217454
2123,0.4400000000000002,0.6600000000000004,3460049786.960017
2124,0.45000000000000023,0.6600000000000004,3242879541.1124763
2125,0.46000000000000024,0.6600000000000004,3025089275.54004
2126,0.47000000000000025,0.6600000000000004,2807171622.134166
2127,0.48000000000000026,0.6600000000000004,2589684332.6545424
2128,0.49000000000000027,0.6600000000000004,2373257209.5101085
2129,0.5000000000000002,0.6600000000000004,2158599736.028511
2130,0.5100000000000002,0.6600000000000004,1946509475.9933753
2131,0.5200000000000002,0.6600000000000004,1737881319.1985264
2132,0.5300000000000002,0.6600000000000004,1533717657.4376287
2133,0.5400000000000003,0.6600000000000004,1335139583.7869205
2134,0.5500000000000003,0.6600000000000004,1143399217.3258698
2135,0.5600000000000003,0.6600000000000004,959893265.6608562
2136,0.5700000000000003,0.6600000000000004,786177948.8646684
2137,0.5800000000000003,0.6600000000000004,623985420.8234849
2138,0.5900000000000003,0.6600000000000004,475241837.6072008
2139,0.6000000000000003,0.6600000000000004,342087237.4741384
2140,0.6100000000000003,0.6600000000000004,226897413.6259597
2141,0.6200000000000003,0.6600000000000004,132307978.99530415
2142,0.6300000000000003,0.6600000000000004,61240842.34518537
2143,0.6400000000000003,0.6600000000000004,16933336.970454097
2144,0.6500000000000004,0.6600000000000004,2970267.5209842366
2145,0.01,0.6700000000000004,10259199826.110249
2146,0.02,0.6700000000000004,10164686611.911972
2147,0.03,0.6700000000000004,10068012560.726868
2148,0.04,0.6700000000000004,9969126885.406
2149,0.05,0.6700000000000004,9867977926.622448
2150,0.060000000000000005,0.6700000000000004,9764513205.011383
2151,0.07,0.6700000000000004,9658679482.765236
2152,0.08,0.6700000000000004,9550422835.749533
2153,0.09,0.6700000000000004,9439688737.313198
2154,0.09999999999999999,0.6700000000000004,9326422155.085865
2155,0.10999999999999999,0.6700000000000004,9210567662.18525
2156,0.11999999999999998,0.6700000000000004,9092069564.401077
2157,0.12999999999999998,0.6700000000000004,8970872045.079512
2158,0.13999999999999999,0.6700000000000004,8846919329.605228
2159,0.15,0.6700000000000004,8720155871.568403
2160,0.16,0.6700000000000004,8590526562.912813
2161,0.17,0.6700000000000004,8457976970.590881
2162,0.18000000000000002,0.6700000000000004,8322453602.503653
2163,0.19000000000000003,0.6700000000000004,8183904205.780848
2164,0.20000000000000004,0.6700000000000004,8042278100.760718
2165,0.21000000000000005,0.6700000000000004,7897526554.363823
2166,0.22000000000000006,0.6700000000000004,7749603196.9227085
2167,0.23000000000000007,0.6700000000000004,7598464486.933265
2168,0.24000000000000007,0.6700000000000004,7444070228.637578
2169,0.25000000000000006,0.6700000000000004,7286384147.835812
2170,0.26000000000000006,0.6700000000000004,7125374531.860886
2171,0.2700000000000001,0.6700000000000004,6961014940.238781
2172,0.2800000000000001,0.6700000000000004,6793284993.2048645
2173,0.2900000000000001,0.6700000000000004,6622171245.958341
2174,0.3000000000000001,0.6700000000000004,6447668157.319126
2175,0.3100000000000001,0.6700000000000004,6269779162.311311
2176,0.3200000000000001,0.6700000000000004,6088517859.142466
2177,0.3300000000000001,0.6700000000000004,5903909322.087099
2178,0.34000000000000014,0.6700000000000004,5715991552.924709
2179,0.35000000000000014,0.6700000000000004,5524817084.838569
2180,0.36000000000000015,0.6700000000000004,5330454754.06207
2181,0.37000000000000016,0.6700000000000004,5132991656.07725
2182,0.38000000000000017,0.6700000000000004,4932535304.839277
2183,0.3900000000000002,0.6700000000000004,4729216015.335944
2184,0.4000000000000002,0.6700000000000004,4523189531.809399
2185,0.4100000000000002,0.6700000000000004,4314639926.18677
2186,0.4200000000000002,0.6700000000000004,4103782793.7072754
2187,0.4300000000000002,0.6700000000000004,3890868775.41776
2188,0.4400000000000002,0.6700000000000004,3676187440.1614094
2189,0.45000000000000023,0.6700000000000004,3460071561.9318748
2190,0.46000000000000024,0.6700000000000004,3242901832.03746
2191,0.47000000000000025,0.6700000000000004,3025112049.449709
2192,0.48000000000000026,0.6700000000000004,2807194837.0336785
2193,0.49000000000000027,0.6700000000000004,2589707936.1129937
2194,0.5000000000000002,0.6700000000000004,2373281137.054987
2195,0.5100000000000002,0.6700000000000004,2158623909.3179903
2196,0.5200000000000002,0.6700000000000004,1946533800.7365878
2197,0.5300000000000002,0.6700000000000004,1737905682.7900157
2198,0.5400000000000003,0.6700000000000004,1533741926.2675903
2199,0.5500000000000003,0.6700000000000004,1335163600.1837797
2200,0.5600000000000003,0.6700000000000004,1143422796.081887
2201,0.5700000000000003,0.6700000000000004,959916190.0848254
2202,0.5800000000000003,0.6700000000000004,786199966.298303
2203,0.5900000000000003,0.6700000000000004,624006237.5495334
2204,0.6000000000000003,0.6700000000000004,475261113.067698
2205,0.6100000000000003,0.6700000000000004,342104577.706185
2206,0.6200000000000003,0.6700000000000004,226912363.80997372
2207,0.6300000000000003,0.6700000000000004,132320014.99650937
2208,0.6400000000000003,0.6700000000000004,61249361.11302419
2209,0.6500000000000004,0.6700000000000004,16937645.642297115
2210,0.6600000000000004,0.6700000000000004,2969571.0557831707
2211,0.01,0.6800000000000004,10351606590.08379
2212,0.02,0.6800000000000004,10259204504.985245
2213,0.03,0.6800000000000004,10164691460.80693
2214,0.04,0.6800000000000004,10068017586.511993
2215,0.05,0.6800000000000004,9969132095.243256
2216,0.060000000000000005,0.6800000000000004,9867983327.975542
2217,0.07,0.6800000000000004,9764518805.655684
2218,0.08,0.6800000000000004,9658685290.797531
2219,0.09,0.6800000000000004,9550428859.597519
2220,0.09999999999999999,0.6800000000000004,9439694985.744621
2221,0.10999999999999999,0.6800000000000004,9326428637.217167
2222,0.11999999999999998,0.6800000000000004,9210574387.489582
2223,0.12999999999999998,0.6800000000000004,9092076542.715485
2224,0.13999999999999999,0.6800000000000004,8970879286.611122
2225,0.15,0.6800000000000004,8846926844.936201
2226,0.16,0.6800000000000004,8720163671.659372
2227,0.17,0.6800000000000004,8590534659.104538
2228,0.18000000000000002,0.6800000000000004,8457985374.603727
2229,0.19000000000000003,0.6800000000000004,8322462326.434532
2230,0.20000000000000004,0.6800000000000004,8183913262.097177
2231,0.21000000000000005,0.6800000000000004,8042287502.29081
2232,0.22000000000000006,0.6800000000000004,7897536314.283198
2233,0.23000000000000007,0.6800000000000004,7749613328.735598
2234,0.24000000000000007,0.6800000000000004,7598475004.44855
2235,0.25000000000000006,0.6800000000000004,7444081145.938276
2236,0.26000000000000006,0.6800000000000004,7286395479.241121
2237,0.2700000000000001,0.6800000000000004,7125386291.879646
2238,0.2800000000000001,0.6800000000000004,6961027143.513043
2239,0.2900000000000001,0.6800000000000004,6793297654.44211
2240,0.3000000000000001,0.6800000000000004,6622184379.850666
2241,0.3100000000000001,0.6800000000000004,6447681778.447499
2242,0.3200000000000001,0.6800000000000004,6269793285.032738
2243,0.3300000000000001,0.6800000000000004,6088532497.457616
2244,0.34000000000000014,0.6800000000000004,5903924489.485621
2245,0.35000000000000014,0.6800000000000004,5716007262.205053
2246,0.36000000000000015,0.6800000000000004,5524833347.898778
2247,0.37000000000000016,0.6800000000000004,5330471581.657461
2248,0.38000000000000017,0.6800000000000004,5133009057.540379
2249,0.3900000000000002,0.6800000000000004,4932553287.756979
2250,0.4000000000000002,0.6800000000000004,4729234585.177556
2251,0.4100000000000002,0.6800000000000004,4523208691.499426
2252,0.4200000000000002,0.6800000000000004,4314659675.614443
2253,0.4300000000000002,0.6800000000000004,4103803129.164329
2254,0.4400000000000002,0.6800000000000004,3890889688.95477
2255,0.45000000000000023,0.6800000000000004,3676208918.851533
2256,0.46000000000000024,0.6800000000000004,3460093587.0295305
2257,0.47000000000000025,0.6800000000000004,3242924378.0177135
2258,0.48000000000000026,0.6800000000000004,3025135082.912307
2259,0.49000000000000027,0.6800000000000004,2807218315.4534483
2260,0.5000000000000002,0.6800000000000004,2589731806.4159617
2261,0.5100000000000002,0.6800000000000004,2373305333.996809
2262,0.5200000000000002,0.6800000000000004,2158648353.6380987
2263,0.5300000000000002,0.6800000000000004,1946558397.0579839
2264,0.5400000000000003,0.6800000000000004,1737930317.2305746
2265,0.5500000000000003,0.6800000000000004,1533766463.7241817
2266,0.5600000000000003,0.6800000000000004,1335187881.2453704
2267,0.5700000000000003,0.6800000000000004,1143446633.5218737
2268,0.5800000000000003,0.6800000000000004,959939364.8761923
2269,0.5900000000000003,0.6800000000000004,786222223.0876435
2270,0.6000000000000003,0.6800000000000004,624027279.5174043
2271,0.6100000000000003,0.6800000000000004,475280596.09297454
2272,0.6200000000000003,0.6800000000000004,342122103.74106544
2273,0.6300000000000003,0.6800000000000004,226927473.3596951
2274,0.6400000000000003,0.6800000000000004,132332178.58354566
2275,0.6500000000000004,0.6800000000000004,61257969.589331105
2276,0.6600000000000004,0.6800000000000004,16941999.19475601
2277,0.6700000000000004,0.6800000000000004,2968866.7290189667
2278,0.01,0.6900000000000004,10441951049.68236
2279,0.02,0.6900000000000004,10351611163.518633
2280,0.03,0.6900000000000004,10259209243.83841
2281,0.04,0.6900000000000004,10164696371.742077
2282,0.05,0.6900000000000004,10068022676.477427
2283,0.060000000000000005,0.6900000000000004,9969137371.482018
2284,0.07,0.6900000000000004,9867988798.035467
2285,0.08,0.6900000000000004,9764524477.399403
2286,0.09,0.6900000000000004,9658691172.412277
2287,0.09999999999999999,0.6900000000000004,9550434959.604698
2288,0.10999999999999999,0.6900000000000004,9439701313.009007
2289,0.11999999999999998,0.6900000000000004,9326435200.955582
2290,0.12999999999999998,0.6900000000000004,9210581197.278948
2291,0.13999999999999999,0.6900000000000004,9092083608.500034
2292,0.15,0.6900000000000004,8970886618.708591
2293,0.16,0.6900000000000004,8846934454.042778
2294,0.17,0.6900000000000004,8720171568.853094
2295,0.18000000000000002,0.6900000000000004,8590542855.846886
2296,0.19000000000000003,0.6900000000000004,8457993882.739024
2297,0.20000000000000004,0.6900000000000004,8322471158.186781
2298,0.21000000000000005,0.6900000000000004,8183922430.063832
2299,0.22000000000000006,0.6900000000000004,8042297019.43299
2300,0.23000000000000007,0.6900000000000004,7897546193.911746
2301,0.24000000000000007,0.6900000000000004,7749623584.492266
2302,0.25000000000000006,0.6900000000000004,7598485650.2815695
2303,0.26000000000000006,0.6900000000000004,7444092196.071394
2304,0.2700000000000001,0.6900000000000004,7286406948.135112
2305,0.2800000000000001,0.6900000000000004,7125398194.185136
2306,0.2900000000000001,0.6900000000000004,6961039494.013332
2307,0.3000000000000001,0.6900000000000004,6793310467.984526
2308,0.3100000000000001,0.6900000000000004,6622197671.264723
2309,0.3200000000000001,0.6900000000000004,6447695562.44799
2310,0.3300000000000001,0.6900000000000004,6269807576.105519
2311,0.34000000000000014,0.6900000000000004,6088547309.725683
2312,0.35000000000000014,0.6900000000000004,5903939836.552589
2313,0.36000000000000015,0.6900000000000004,5716023156.972918
2314,0.37000000000000016,0.6900000000000004,5524849802.356327
2315,0.38000000000000017,0.6900000000000004,5330488606.635212
2316,0.3900000000000002,0.6900000000000004,5133026662.4274435
2317,0.4000000000000002,0.6900000000000004,4932571480.174565
2318,0.4100000000000002,0.6900000000000004,4729253370.603128
2319,0.4200000000000002,0.6900000000000004,4523228072.834782
2320,0.4300000000000002,0.6900000000000004,4314679652.690026
2321,0.4400000000000002,0.6900000000000004,4103823698.171101
2322,0.45000000000000023,0.6900000000000004,3890910841.7937717
2323,0.46000000000000024,0.6900000000000004,3676230642.3900013
2324,0.47000000000000025,0.6900000000000004,3460115862.250908
2325,0.48000000000000026,0.6900000000000004,3242947179.0512457
2326,0.49000000000000027,0.6900000000000004,3025158375.925949
2327,0.5000000000000002,0.6900000000000004,2807242057.3917303
2328,0.5100000000000002,0.6900000000000004,2589755943.561906
2329,0.5200000000000002,0.6900000000000004,2373329800.3342943
2330,0.5300000000000002,0.6900000000000004,2158673068.9878902
2331,0.5400000000000003,0.6900000000000004,1946583264.9570272
2332,0.5500000000000003,0.6900000000000004,1737955222.5201669
2333,0.5600000000000003,0.6900000000000004,1533791269.8079891
2334,0.5700000000000003,0.6900000000000004,1335212426.9730353
2335,0.5800000000000003,0.6900000000000004,1143470729.648086
2336,0.5900000000000003,0.6900000000000004,959962790.0383012
2337,0.6000000000000003,0.6900000000000004,786244719.2373464
2338,0.6100000000000003,0.6900000000000004,624048546.7333136
2339,0.6200000000000003,0.6900000000000004,475300286.69109535
2340,0.6300000000000003,0.6900000000000004,342139815.58903897
2341,0.6400000000000003,0.6900000000000004,226942742.28797388
2342,0.6500000000000004,0.6900000000000004,132344469.77230898
2343,0.6600000000000004,0.6900000000000004,61266667.793592826
2344,0.6700000000000004,0.6900000000000004,16946397.65152879
2345,0.6800000000000004,0.6900000000000004,2968154.5693290327
2346,0.01,0.7000000000000004,10530281155.8805
2347,0.02,0.7000000000000004,10441955520.164536
2348,0.03,0.7000000000000004,10351615794.944496
2349,0.04,0.7000000000000004,10259214042.669395
2350,0.05,0.7000000000000004,10164701344.717047
2351,0.060000000000000005,0.7000000000000004,10068027830.622787
2352,0.07,0.7000000000000004,9969142714.121878
2353,0.08,0.7000000000000004,9867994336.801798
2354,0.09,0.7000000000000004,9764530220.242085
2355,0.09999999999999999,0.7000000000000004,9658697127.608997
2356,0.10999999999999999,0.7000000000000004,9550441135.770576
2357,0.11999999999999998,0.7000000000000004,9439707719.105827
2358,0.12999999999999998,0.7000000000000004,9326441846.300554
2359,0.13999999999999999,0.7000000000000004,9210588091.552757
2360,0.15,0.7000000000000004,9092090761.754103
2361,0.16,0.7000000000000004,8970894041.371277
2362,0.17,0.7000000000000004,8846942156.924274
2363,0.18000000000000002,0.7000000000000004,8720179563.148844
2364,0.19000000000000003,0.7000000000000004,8590551153.139088
2365,0.20000000000000004,0.7000000000000004,8458002494.995976
2366,0.21000000000000005,0.7000000000000004,8322480097.759556
2367,0.22000000000000006,0.7000000000000004,8183931709.679923
2368,0.23000000000000007,0.7000000000000004,8042306652.186325
2369,0.24000000000000007,0.7000000000000004,7897556193.248482
2370,0.25000000000000006,0.7000000000000004,7749633964.191676
2371,0.26000000000000006,0.7000000000000004,7598496424.431231
2372,0.2700000000000001,0.7000000000000004,7444103379.035784
2373,0.2800000000000001,0.7000000000000004,7286418554.5165825
2374,0.2900000000000001,0.7000000000000004,7125410238.776093
2375,0.3000000000000001,0.7000000000000004,6961051991.738328
2376,0.3100000000000001,0.7000000000000004,6793323433.830723
2377,0.3200000000000001,0.7000000000000004,6622211120.199064
2378,0.3300000000000001,0.7000000000000004,6447709509.319078
2379,0.34000000000000014,0.7000000000000004,6269822035.528077
2380,0.35000000000000014,0.7000000000000004,6088562295.94502
2381,0.36000000000000015,0.7000000000000004,5903955363.286288
2382,0.37000000000000016,0.7000000000000004,5716039237.226523
2383,0.38000000000000017,0.7000000000000004,5524866448.209364
2384,0.3900000000000002,0.7000000000000004,5330505828.99341
2385,0.4000000000000002,0.7000000000000004,5133044470.736475
2386,0.4100000000000002,0.7000000000000004,4932589882.090011
2387,0.4200000000000002,0.7000000000000004,4729272371.610586
2388,0.4300000000000002,0.7000000000000004,4523247675.81335
2389,0.4400000000000002,0.7000000000000004,4314699857.411385
2390,0.45000000000000023,0.7000000000000004,4103844500.725439
2391,0.46000000000000024,0.7000000000000004,3890932233.9326105
2392,0.47000000000000025,0.7000000000000004,3676252610.774676
2393,0.48000000000000026,0.7000000000000004,3460138387.5939183
2394,0.49000000000000027,0.7000000000000004,3242970235.136036
2395,0.5000000000000002,0.7000000000000004,3025181928.488731
2396,0.5100000000000002,0.7000000000000004,2807266062.846774
2397,0.5200000000000002,0.7000000000000004,2589780347.5492697
2398,0.5300000000000002,0.7000000000000004,2373354536.0661507
2399,0.5400000000000003,0.7000000000000004,2158698055.3664026
2400,0.5500000000000003,0.7000000000000004,1946608404.433169
2401,0.5600000000000003,0.7000000000000004,1737980398.658762
2402,0.5700000000000003,0.7000000000000004,1533816344.519604
2403,0.5800000000000003,0.7000000000000004,1335237237.3681338
2404,0.5900000000000003,0.7000000000000004,1143495084.4628
2405,0.6000000000000003,0.7000000000000004,959986465.5745411
2406,0.6100000000000003,0.7000000000000004,786267454.7521222
2407,0.6200000000000003,0.7000000000000004,624070039.203546
2408,0.6300000000000003,0.7000000000000004,475320184.87022024
2409,0.6400000000000003,0.7000000000000004,342157713.2604791
2410,0.6500000000000004,0.7000000000000004,226958170.6077971
2411,0.6600000000000004,0.7000000000000004,132356888.57887195
2412,0.6700000000000004,0.7000000000000004,61275455.74550516
2413,0.6800000000000004,0.7000000000000004,16950841.036566548
2414,0.6900000000000004,0.7000000000000004,2967434.6056529344
2415,0.01,0.7100000000000004,10616643854.808289
2416,0.02,0.7100000000000004,10530285525.844582
2417,0.03,0.7100000000000004,10441960046.723
2418,0.04,0.7100000000000004,10351620484.361046
2419,0.05,0.7100000000000004,10259218901.477856
2420,0.060000000000000005,0.7100000000000004,10164706379.731472
2421,0.07,0.7100000000000004,10068033048.947678
2422,0.08,0.7100000000000004,9969148123.162426
2423,0.09,0.7100000000000004,9867999944.2741
2424,0.09999999999999999,0.7100000000000004,9764536034.183277
2425,0.10999999999999999,0.7100000000000004,9658703156.387218
2426,0.11999999999999998,0.7100000000000004,9550447388.094643
2427,0.12999999999999998,0.7100000000000004,9439714204.034554
2428,0.13999999999999999,0.7100000000000004,9326448573.251514
2429,0.15,0.7100000000000004,9210595070.310421
2430,0.16,0.7100000000000004,9092098002.477074
2431,0.17,0.7100000000000004,8970901554.598509
2432,0.18000000000000002,0.7100000000000004,8846949953.579996
2433,0.19000000000000003,0.7100000000000004,8720187654.54589
2434,0.20000000000000004,0.7100000000000004,8590559550.980387
2435,0.21000000000000005,0.7100000000000004,8458011211.37377
2436,0.22000000000000006,0.7100000000000004,8322489145.1519985
2437,0.23000000000000007,0.7100000000000004,8183941100.94455
2438,0.24000000000000007,0.7100000000000004,8042316400.549868
2439,0.25000000000000006,0.7100000000000004,7897566312.292409
2440,0.26000000000000006,0.7100000000000004,7749644467.832777
2441,0.2700000000000001,0.7100000000000004,7598507326.896435
2442,0.2800000000000001,0.7100000000000004,7444114694.830292
2443,0.2900000000000001,0.7100000000000004,7286430298.384317
2444,0.3000000000000001,0.7100000000000004,7125422425.65124
2445,0.3100000000000001,0.7100000000000004,6961064636.686688
2446,0.3200000000000001,0.7100000000000004,6793336551.979301
2447,0.3300000000000001,0.7100000000000004,6622224726.652218
2448,0.34000000000000014,0.7100000000000004,6447723619.059235
2449,0.35000000000000014,0.7100000000000004,6269836663.298807
2450,0.36000000000000015,0.7100000000000004,6088577456.113951
2451,0.37000000000000016,0.7100000000000004,5903971069.68498
2452,0.38000000000000017,0.7100000000000004,5716055502.964069
2453,0.3900000000000002,0.7100000000000004,5524883285.45602
2454,0.4000000000000002,0.7100000000000004,5330523248.730118
2455,0.4100000000000002,0.7100000000000004,5133062482.465482
2456,0.4200000000000002,0.7100000000000004,4932608493.501265
2457,0.4300000000000002,0.7100000000000004,4729291588.197834
2458,0.4400000000000002,0.7100000000000004,4523267500.432995
2459,0.45000000000000023,0.7100000000000004,4314720289.776352
2460,0.46000000000000024,0.7100000000000004,4103865536.825159
2461,0.47000000000000025,0.7100000000000004,3890953865.3691053
2462,0.48000000000000026,0.7100000000000004,3676274824.0033994
2463,0.49000000000000027,0.7100000000000004,3460161163.056447
2464,0.5000000000000002,0.7100000000000004,3242993546.270047
2465,0.5100000000000002,0.7100000000000004,3025205740.5987186
2466,0.5200000000000002,0.7100000000000004,2807290331.816799
2467,0.5300000000000002,0.7100000000000004,2589805018.376485
2468,0.5400000000000003,0.7100000000000004,2373379541.1910725
2469,0.5500000000000003,0.7100000000000004,2158723312.772666
2470,0.5600000000000003,0.7100000000000004,1946633815.4858584
2471,0.5700000000000003,0.7100000000000004,1738005845.6463268
2472,0.5800000000000003,0.7100000000000004,1533841687.8596377
2473,0.5900000000000003,0.7100000000000004,1335262312.4320393
2474,0.6000000000000003,0.7100000000000004,1143519697.9683275
2475,0.6100000000000003,0.7100000000000004,960010391.4883387
2476,0.6200000000000003,0.7100000000000004,786290429.636734
2477,0.6300000000000003,0.7100000000000004,624091756.9344599
2478,0.6400000000000003,0.7100000000000004,475340290.6385979
2479,0.6500000000000004,0.7100000000000004,342175796.7658726
2480,0.6600000000000004,0.7100000000000004,226973758.3322959
2481,0.6700000000000004,0.7100000000000004,132369435.0194765
2482,0.6800000000000004,0.7100000000000004,61284333.46497241
2483,0.6900000000000004,0.7100000000000004,16955329.374072216
2484,0.7000000000000004,0.7100000000000004,2966706.867232326
2485,0.01,0.7200000000000004,10701085070.073845
2486,0.02,0.7200000000000004,10616648126.635042
2487,0.03,0.7200000000000004,10530289950.039896
2488,0.04,0.7200000000000004,10441964629.357439
2489,0.05,0.7200000000000004,10351625231.767952
2490,0.060000000000000005,0.7200000000000004,10259223820.263428
2491,0.07,0.7200000000000004,10164711476.784977
2492,0.08,0.7200000000000004,10068038331.451714
2493,0.09,0.7200000000000004,9969153598.603252
2494,0.09999999999999999,0.7200000000000004,9868005620.451937
2495,0.10999999999999999,0.7200000000000004,9764541919.222519
2496,0.11999999999999998,0.7200000000000004,9658709258.746445
2497,0.12999999999999998,0.7200000000000004,9550453716.576387
2498,0.13999999999999999,0.7200000000000004,9439720767.794643
2499,0.15,0.7200000000000004,9326455381.807901
2500,0.16,0.7200000000000004,9210602133.551336
2501,0.17,0.7200000000000004,9092105330.66831
2502,0.18000000000000002,0.7200000000000004,8970909158.38963
2503,0.19000000000000003,0.7200000000000004,8846957844.009243
2504,0.20000000000000004,0.7200000000000004,8720195843.043495
2505,0.21000000000000005,0.7200000000000004,8590568049.369993
2506,0.22000000000000006,0.7200000000000004,8458020031.87158
2507,0.23000000000000007,0.7200000000000004,8322498300.363245
2508,0.24000000000000007,0.7200000000000004,8183950603.856804
2509,0.25000000000000006,0.7200000000000004,8042326264.522657
2510,0.26000000000000006,0.7200000000000004,7897576551.042515
2511,0.2700000000000001,0.7200000000000004,7749655095.414508
2512,0.2800000000000001,0.7200000000000004,7598518357.676063
2513,0.2900000000000001,0.7200000000000004,7444126143.453747
2514,0.3000000000000001,0.7200000000000004,7286442179.737083
2515,0.3100000000000001,0.7200000000000004,7125434754.80929
2516,0.3200000000000001,0.7200000000000004,6961077428.8570595
2517,0.3300000000000001,0.7200000000000004,6793349822.428842
2518,0.34000000000000014,0.7200000000000004,6622238490.622702
2519,0.35000000000000014,0.7200000000000004,6447737891.666904
2520,0.36000000000000015,0.7200000000000004,6269851459.416092
2521,0.37000000000000016,0.7200000000000004,6088592790.23079
2522,0.38000000000000017,0.7200000000000004,5903986955.746909
2523,0.3900000000000002,0.7200000000000004,5716071954.183723
2524,0.4000000000000002,0.7200000000000004,5524900314.09441
2525,0.4100000000000002,0.7200000000000004,5330540865.843384
2526,0.4200000000000002,0.7200000000000004,5133080697.612445
2527,0.4300000000000002,0.7200000000000004,4932627314.40626
2528,0.4400000000000002,0.7200000000000004,4729311020.362749
2529,0.45000000000000023,0.7200000000000004,4523287546.691559
2530,0.46000000000000024,0.7200000000000004,4314740949.782741
2531,0.47000000000000025,0.7200000000000004,4103886806.468054
2532,0.48000000000000026,0.7200000000000004,3890975736.1010547
2533,0.49000000000000027,0.7200000000000004,3676297282.073991
2534,0.5000000000000002,0.7200000000000004,3460184188.63636
2535,0.5100000000000002,0.7200000000000004,3243017112.451216
2536,0.5200000000000002,0.7200000000000004,3025229812.253969
2537,0.5300000000000002,0.7200000000000004,2807314864.3000183
2538,0.5400000000000003,0.7200000000000004,2589829956.0419683
2539,0.5500000000000003,0.7200000000000004,2373404815.7077456
2540,0.5600000000000003,0.7200000000000004,2158748841.205701
2541,0.5700000000000003,0.7200000000000004,1946659498.1145444
2542,0.5800000000000003,0.7200000000000004,1738031563.4828315
2543,0.5900000000000003,0.7200000000000004,1533867299.8286986
2544,0.6000000000000003,0.7200000000000004,1335287652.1661458
2545,0.6100000000000003,0.7200000000000004,1143544570.1670005
2546,0.6200000000000003,0.7200000000000004,960034567.7831601
2547,0.6300000000000003,0.7200000000000004,786313643.8960031
2548,0.6400000000000003,0.7200000000000004,624113699.9324856
2549,0.6500000000000004,0.7200000000000004,475360604.0045652
2550,0.6600000000000004,0.7200000000000004,342194066.1158197
2551,0.6700000000000004,0.7200000000000004,226989505.47473776
2552,0.6800000000000004,0.7200000000000004,132382109.11053778
2553,0.6900000000000004,0.7200000000000004,61293300.97210704
2554,0.7000000000000004,0.7200000000000004,16959862.688499726
2555,0.7100000000000004,0.7200000000000004,2965971.383610901
2556,0.01,0.7300000000000004,10783649689.929817
2557,0.02,0.7300000000000004,10701089246.089622
2558,0.03,0.7300000000000004,10616652450.915003
2559,0.04,0.7300000000000004,10530294428.466139
2560,0.05,0.7300000000000004,10441969268.06752
2561,0.060000000000000005,0.7300000000000004,10351630037.164864
2562,0.07,0.7300000000000004,10259228799.025763
2563,0.08,0.7300000000000004,10164716635.877186
2564,0.09,0.7300000000000004,10068043678.134491
2565,0.09999999999999999,0.7300000000000004,9969159140.443932
2566,0.10999999999999999,0.7300000000000004,9868011365.334867
2567,0.11999999999999998,0.7300000000000004,9764547875.35934
2568,0.12999999999999998,0.7300000000000004,9658715434.686193
2569,0.13999999999999999,0.7300000000000004,9550460121.215292
2570,0.15,0.7300000000000004,9439727410.385548
2571,0.16,0.7300000000000004,9326462271.969135
2572,0.17,0.7300000000000004,9210609281.274897
2573,0.18000000000000002,0.7300000000000004,9092112746.327171
2574,0.19000000000000003,0.7300000000000004,8970916852.743961
2575,0.20000000000000004,0.7300000000000004,8846965828.211298
2576,0.21000000000000005,0.7300000000000004,8720204128.64091
2577,0.22000000000000006,0.7300000000000004,8590576648.307121
2578,0.23000000000000007,0.7300000000000004,8458028956.488578
2579,0.24000000000000007,0.7300000000000004,8322507563.39242
2580,0.25000000000000006,0.7300000000000004,8183960218.415762
2581,0.26000000000000006,0.7300000000000004,8042336244.1037245
2582,0.2700000000000001,0.7300000000000004,7897586909.497784
2583,0.2800000000000001,0.7300000000000004,7749665846.935799
2584,0.2900000000000001,0.7300000000000004,7598529516.768987
2585,0.3000000000000001,0.7300000000000004,7444137724.904957
2586,0.3100000000000001,0.7300000000000004,7286454198.573635
2587,0.3200000000000001,0.7300000000000004,7125447226.24893
2588,0.3300000000000001,0.7300000000000004,6961090368.248072
2589,0.34000000000000014,0.7300000000000004,6793363245.177908
2590,0.35000000000000014,0.7300000000000004,6622252412.109011
2591,0.36000000000000015,0.7300000000000004,6447752327.140519
2592,0.37000000000000016,0.7300000000000004,6269866423.878288
2593,0.38000000000000017,0.7300000000000004,6088608298.293832
2594,0.3900000000000002,0.7300000000000004,5904003021.470295
2595,0.4000000000000002,0.7300000000000004,5716088590.883644
2596,0.4100000000000002,0.7300000000000004,5524917534.122608
2597,0.4200000000000002,0.7300000000000004,5330558680.331227
2598,0.4300000000000002,0.7300000000000004,5133099116.175325
2599,0.4400000000000002,0.7300000000000004,4932646344.802898
2600,0.45000000000000023,0.7300000000000004,4729330668.103195
2601,0.46000000000000024,0.7300000000000004,4523307814.586853
2602,0.47000000000000025,0.7300000000000004,4314761837.428329
2603,0.48000000000000026,0.7300000000000004,4103908309.6518946
2604,0.49000000000000027,0.7300000000000004,3890997846.1262245
2605,0.5000000000000002,0.7300000000000004,3676319984.9842405
2606,0.5100000000000002,0.7300000000000004,3460207464.3314953
2607,0.5200000000000002,0.7300000000000004,3243040933.6774664
2608,0.5300000000000002,0.7300000000000004,3025254143.4525137
2609,0.5400000000000003,0.7300000000000004,2807339660.2946196
2610,0.5500000000000003,0.7300000000000004,2589855160.544117
2611,0.5600000000000003,0.7300000000000004,2373430359.614836
2612,0.5700000000000003,0.7300000000000004,2158774640.664525
2613,0.5800000000000003,0.7300000000000004,1946685452.3186688
2614,0.5900000000000003,0.7300000000000004,1738057552.168252
2615,0.6000000000000003,0.7300000000000004,1533893180.4274125
2616,0.6100000000000003,0.7300000000000004,1335313256.571868
2617,0.6200000000000003,0.7300000000000004,1143569701.0611844
2618,0.6300000000000003,0.7300000000000004,960058994.4625105
2619,0.6400000000000003,0.7300000000000004,786337097.5347981
2620,0.6500000000000004,0.7300000000000004,624135868.204119
2621,0.6600000000000004,0.7300000000000004,475381124.9765528
2622,0.6700000000000004,0.7300000000000004,342212521.32103217
2623,0.6800000000000004,0.7300000000000004,227005412.0485342
2624,0.6900000000000004,0.7300000000000004,132394910.8686429
2625,0.7000000000000004,0.7300000000000004,61302358.28723103
2626,0.7100000000000004,0.7300000000000004,16964441.004556566
2627,0.7200000000000004,0.7300000000000004,2965228.1846342213
2628,0.01,0.7400000000000004,10864381558.746279
2629,0.02,0.7400000000000004,10783653772.406174
2630,0.03,0.7400000000000004,10701093472.845049
2631,0.04,0.7400000000000004,10616656827.64788
2632,0.05,0.7400000000000004,10530298961.123003
2633,0.060000000000000005,0.7400000000000004,10441973962.852919
2634,0.07,0.7400000000000004,10351634900.551443
2635,0.08,0.7400000000000004,10259233837.764488
2636,0.09,0.7400000000000004,10164721857.007713
2637,0.09999999999999999,0.7400000000000004,10068049088.995607
2638,0.10999999999999999,0.7400000000000004,9969164748.68404
2639,0.11999999999999998,0.7400000000000004,9868017178.92244
2640,0.12999999999999998,0.7400000000000004,9764553902.593273
2641,0.13999999999999999,0.7400000000000004,9658721684.205965
2642,0.15,0.7400000000000004,9550466602.010834
2643,0.16,0.7400000000000004,9439734131.806715
2644,0.17,0.7400000000000004,9326469243.734632
2645,0.18000000000000002,0.7400000000000004,9210616513.480488
2646,0.19000000000000003,0.7400000000000004,9092120249.453012
2647,0.20000000000000004,0.7400000000000004,8970924637.660822
2648,0.21000000000000005,0.7400000000000004,8846973906.185448
2649,0.22000000000000006,0.7400000000000004,8720212511.337368
2650,0.23000000000000007,0.7400000000000004,8590585347.79097
2651,0.24000000000000007,0.7400000000000004,8458037985.223923
2652,0.25000000000000006,0.7400000000000004,8322516934.238632
2653,0.26000000000000006,0.7400000000000004,8183969944.620485
2654,0.2700000000000001,0.7400000000000004,8042346339.292084
2655,0.2800000000000001,0.7400000000000004,7897597387.657175
2656,0.2900000000000001,0.7400000000000004,7749676722.395554
2657,0.3000000000000001,0.7400000000000004,7598540804.174064
2658,0.3100000000000001,0.7400000000000004,7444149439.182726
2659,0.3200000000000001,0.7400000000000004,7286466354.892712
2660,0.3300000000000001,0.7400000000000004,7125459839.968837
2661,0.34000000000000014,0.7400000000000004,6961103454.858337
2662,0.35000000000000014,0.7400000000000004,6793376820.225047
2663,0.36000000000000015,0.7400000000000004,6622266491.109627
2664,0.37000000000000016,0.7400000000000004,6447766925.478487
2665,0.38000000000000017,0.7400000000000004,6269881556.683741
2666,0.3900000000000002,0.7400000000000004,6088623980.301344
2667,0.4000000000000002,0.7400000000000004,5904019266.853342
2668,0.4100000000000002,0.7400000000000004,5716105413.061961
2669,0.4200000000000002,0.7400000000000004,5524934945.53869
2670,0.4300000000000002,0.7400000000000004,5330576692.19165
2671,0.4400000000000002,0.7400000000000004,5133117738.152064
2672,0.45000000000000023,0.7400000000000004,4932665584.689065
2673,0.46000000000000024,0.7400000000000004,4729350531.416997
2674,0.47000000000000025,0.7400000000000004,4523328304.1166725
2675,0.48000000000000026,0.7400000000000004,4314782952.71089
2676,0.49000000000000027,0.7400000000000004,4103930046.3744326
2677,0.5000000000000002,0.7400000000000004,3891020195.4423676
2678,0.5100000000000002,0.7400000000000004,3676342932.7319207
2679,0.5200000000000002,0.7400000000000004,3460230990.139673
2680,0.5300000000000002,0.7400000000000004,3243065009.9466925
2681,0.5400000000000003,0.7400000000000004,3025278734.1923637
2682,0.5500000000000003,0.7400000000000004,2807364719.7987747
2683,0.5600000000000003,0.7400000000000004,2589880631.8813143
2684,0.5700000000000003,0.7400000000000004,2373456172.911003
2685,0.5800000000000003,0.7400000000000004,2158800711.148139
2686,0.5900000000000003,0.7400000000000004,1946711678.0976696
2687,0.6000000000000003,0.7400000000000004,1738083811.7025664
2688,0.6100000000000003,0.7400000000000004,1533919329.6564083
2689,0.6200000000000003,0.7400000000000004,1335339125.6506305
2690,0.6300000000000003,0.7400000000000004,1143595090.6532664
2691,0.6400000000000003,0.7400000000000004,960083671.5299348
2692,0.6500000000000004,0.7400000000000004,786360790.5580456
2693,0.6600000000000004,0.7400000000000004,624158261.7559271
2694,0.6700000000000004,0.7400000000000004,475401853.5630765
2695,0.6800000000000004,0.7400000000000004,342231162.3923366
2696,0.6900000000000004,0.7400000000000004,227021478.06723508
2697,0.7000000000000004,0.7400000000000004,132407840.31055029
2698,0.7100000000000004,0.7400000000000004,61311505.43087653
2699,0.7200000000000004,0.7400000000000004,16969064.347200535
2700,0.7300000000000004,0.7400000000000004,2964477.300449948
2701,0.01,0.7500000000000004,10943323472.303259
2702,0.02,0.7500000000000004,10864385549.899755
2703,0.03,0.7500000000000004,10783657903.970585
2704,0.04,0.7500000000000004,10701097750.339836
2705,0.05,0.7500000000000004,10616661256.833374
2706,0.060000000000000005,0.7500000000000004,10530303548.010164
2707,0.07,0.7500000000000004,10441978713.713303
2708,0.08,0.7500000000000004,10351639821.927338
2709,0.09,0.7500000000000004,10259238936.47924
2710,0.09999999999999999,0.7500000000000004,10164727140.17617
2711,0.10999999999999999,0.7500000000000004,10068054564.03465
2712,0.11999999999999998,0.7500000000000004,9969170423.323145
2713,0.12999999999999998,0.7500000000000004,9868023061.214203
2714,0.13999999999999999,0.7500000000000004,9764560000.923838
2715,0.15,0.7500000000000004,9658728007.305248
2716,0.16,0.7500000000000004,9550473158.962475
2717,0.17,0.7500000000000004,9439740932.057585
2718,0.18000000000000002,0.7500000000000004,9326476297.103804
2719,0.19000000000000003,0.7500000000000004,9210623830.167488
2720,0.20000000000000004,0.7500000000000004,9092127840.045174
2721,0.21000000000000005,0.7500000000000004,8970932513.139519
2722,0.22000000000000006,0.7500000000000004,8846982077.930962
2723,0.23000000000000007,0.7500000000000004,8720220991.13211
2724,0.24000000000000007,0.7500000000000004,8590594147.82073
2725,0.25000000000000006,0.7500000000000004,8458047118.076761
2726,0.26000000000000006,0.7500000000000004,8322526412.900991
2727,0.2700000000000001,0.7500000000000004,8183979782.470037
2728,0.2800000000000001,0.7500000000000004,8042356550.086743
2729,0.2900000000000001,0.7500000000000004,7897607985.5196495
2730,0.3000000000000001,0.7500000000000004,7749687721.792682
2731,0.3100000000000001,0.7500000000000004,7598552219.890135
2732,0.3200000000000001,0.7500000000000004,7444161286.285833
2733,0.3300000000000001,0.7500000000000004,7286478648.693039
2734,0.34000000000000014,0.7500000000000004,7125472595.967676
2735,0.35000000000000014,0.7500000000000004,6961116688.686452
2736,0.36000000000000015,0.7500000000000004,6793390547.568789
2737,0.37000000000000016,0.7500000000000004,6622280727.623014
2738,0.38000000000000017,0.7500000000000004,6447781686.679204
2739,0.3900000000000002,0.7500000000000004,6269896857.830771
2740,0.4000000000000002,0.7500000000000004,6088639836.251581
2741,0.4100000000000002,0.7500000000000004,5904035691.894232
2742,0.4200000000000002,0.7500000000000004,5716122420.716787
2743,0.4300000000000002,0.7500000000000004,5524952548.340691
2744,0.4400000000000002,0.7500000000000004,5330594901.422634
2745,0.45000000000000023,0.7500000000000004,5133136563.540575
2746,0.46000000000000024,0.7500000000000004,4932685034.062616
2747,0.47000000000000025,0.7500000000000004,4729370610.301968
2748,0.48000000000000026,0.7500000000000004,4523349015.278787
2749,0.49000000000000027,0.7500000000000004,4314804295.628157
2750,0.5000000000000002,0.7500000000000004,4103952016.6333885
2751,0.5100000000000002,0.7500000000000004,3891042784.047207
2752,0.5200000000000002,0.7500000000000004,3676366125.3147793
2753,0.5300000000000002,0.7500000000000004,3460254766.0586905
2754,0.5400000000000003,0.7500000000000004,3243089341.256769
2755,0.5500000000000003,0.7500000000000004,3025303584.471511
2756,0.5600000000000003,0.7500000000000004,2807390042.8106384
2757,0.5700000000000003,0.7500000000000004,2589906370.0519323
2758,0.5800000000000003,0.7500000000000004,2373482255.594891
2759,0.5900000000000003,0.7500000000000004,2158827052.6555433
2760,0.6000000000000003,0.7500000000000004,1946738175.450986
2761,0.6100000000000003,0.7500000000000004,1738110342.085747
2762,0.6200000000000003,0.7500000000000004,1533945747.5163302
2763,0.6300000000000003,0.7500000000000004,1335365259.4038792
2764,0.6400000000000003,0.7500000000000004,1143620738.9456706
2765,0.6500000000000004,0.7500000000000004,960108598.9890178
2766,0.6600000000000004,0.7500000000000004,786384722.9707242
2767,0.6700000000000004,0.7500000000000004,624180880.5945512
2768,0.6800000000000004,0.7500000000000004,475422789.7727467
2769,0.6900000000000004,0.7500000000000004,342249989.34067273
2770,0.7000000000000004,0.7500000000000004,227037703.54453105
2771,0.7100000000000004,0.7500000000000004,132420897.45319085
2772,0.7200000000000004,0.7500000000000004,61320742.42378239
2773,0.7300000000000004,0.7500000000000004,16973732.741642445
2774,0.7400000000000004,0.7500000000000004,2963718.761507568
2775,0.01,0.7600000000000005,11020517176.462461
2776,0.02,0.7600000000000005,10943327374.295368
2777,0.03,0.7600000000000005,10864389588.549267
2778,0.04,0.7600000000000005,10783662084.622778
2779,0.05,0.7600000000000005,10701102078.573692
2780,0.060000000000000005,0.7600000000000005,10616665738.47118
2781,0.07,0.7600000000000005,10530308189.127308
2782,0.08,0.7600000000000005,10441983520.64833
2783,0.09,0.7600000000000005,10351644801.292187
2784,0.09999999999999999,0.7600000000000005,10259244095.16964
2785,0.10999999999999999,0.7600000000000005,10164732485.382164
2786,0.11999999999999998,0.7600000000000005,10068060103.251211
2787,0.12999999999999998,0.7600000000000005,9969176164.36081
2788,0.13999999999999999,0.7600000000000005,9868029012.209694
2789,0.15,0.7600000000000005,9764566170.350544
2790,0.16,0.7600000000000005,9658734403.983536
2791,0.17,0.7600000000000005,9550479792.06968
2792,0.18000000000000002,0.7600000000000005,9439747811.137585
2793,0.19000000000000003,0.7600000000000005,9326483432.076048
2794,0.20000000000000004,0.7600000000000005,9210631231.335264
2795,0.21000000000000005,0.7600000000000005,9092135518.102991
2796,0.22000000000000006,0.7600000000000005,8970940479.179348
2797,0.23000000000000007,0.7600000000000005,8846990343.447098
2798,0.24000000000000007,0.7600000000000005,8720229568.024357
2799,0.25000000000000006,0.7600000000000005,8590603048.395584
2800,0.26000000000000006,0.7600000000000005,8458056355.04623
2801,0.2700000000000001,0.7600000000000005,8322535999.378587
2802,0.2800000000000001,0.7600000000000005,8183989731.963457
2803,0.2900000000000001,0.7600000000000005,8042366876.486696
2804,0.3000000000000001,0.7600000000000005,7897618703.084143
2805,0.3100000000000001,0.7600000000000005,7749698845.126062
2806,0.3200000000000001,0.7600000000000005,7598563763.916035
2807,0.3300000000000001,0.7600000000000005,7444173266.213057
2808,0.34000000000000014,0.7600000000000005,7286491079.973325
2809,0.35000000000000014,0.7600000000000005,7125485494.244093
2810,0.36000000000000015,0.7600000000000005,6961130069.730999
2811,0.37000000000000016,0.7600000000000005,6793404427.207651
2812,0.38000000000000017,0.7600000000000005,6622295121.647616
2813,0.3900000000000002,0.7600000000000005,6447796610.741046
2814,0.4000000000000002,0.7600000000000005,6269912327.317683
2815,0.4100000000000002,0.7600000000000005,6088655866.1427765
2816,0.4200000000000002,0.7600000000000005,5904052296.591126
2817,0.4300000000000002,0.7600000000000005,5716139613.846216
2818,0.4400000000000002,0.7600000000000005,5524970342.526641
2819,0.45000000000000023,0.7600000000000005,5330613308.022127
2820,0.46000000000000024,0.7600000000000005,5133155592.338757
2821,0.47000000000000025,0.7600000000000005,4932704692.921392
2822,0.48000000000000026,0.7600000000000005,4729390904.755896
2823,0.49000000000000027,0.7600000000000005,4523369948.070938
2824,0.5000000000000002,0.7600000000000005,4314825866.177845
2825,0.5100000000000002,0.7600000000000005,4103974220.4264574
2826,0.5200000000000002,0.7600000000000005,3891065611.938445
2827,0.5300000000000002,0.7600000000000005,3676389562.7305403
2828,0.5400000000000003,0.7600000000000005,3460278792.086317
2829,0.5500000000000003,0.7600000000000005,3243113927.6055546
2830,0.5600000000000003,0.7600000000000005,3025328694.287932
2831,0.5700000000000003,0.7600000000000005,2807415629.3283486
2832,0.5800000000000003,0.7600000000000005,2589932375.0543165
2833,0.5900000000000003,0.7600000000000005,2373508607.6651335
2834,0.6000000000000003,0.7600000000000005,2158853665.1857247
2835,0.6100000000000003,0.7600000000000005,1946764944.3780453
2836,0.6200000000000003,0.7600000000000005,1738137143.3177762
2837,0.6300000000000003,0.7600000000000005,1533972434.007824
2838,0.6400000000000003,0.7600000000000005,1335391657.8330836
2839,0.6500000000000004,0.7600000000000005,1143646645.940837
2840,0.6600000000000004,0.7600000000000005,960133776.8433857
2841,0.6700000000000004,0.7600000000000005,786408894.7778678
2842,0.6800000000000004,0.7600000000000005,624203724.726702
2843,0.6900000000000004,0.7600000000000005,475443933.614263
2844,0.7000000000000004,0.7600000000000005,342269002.1770935
2845,0.7100000000000004,0.7600000000000005,227054088.4942515
2846,0.7200000000000004,0.7600000000000005,132434082.3136664
2847,0.7300000000000004,0.7600000000000005,61330069.28689764
2848,0.7400000000000004,0.7600000000000005,16978446.21334416
2849,0.7500000000000004,0.7600000000000005,2962952.598558077
2850,0.01,0.7700000000000005,11096003368.819721
2851,0.02,0.7700000000000005,11020520991.399822
2852,0.03,0.7700000000000005,10943331322.248745
2853,0.04,0.7700000000000005,10864393674.69455
2854,0.05,0.7700000000000005,10783666314.36247
2855,0.060000000000000005,0.7700000000000005,10701106457.54633
2856,0.07,0.7700000000000005,10616670272.560987
2857,0.08,0.7700000000000005,10530312884.47411
2858,0.09,0.7700000000000005,10441988383.657665
2859,0.09999999999999999,0.7700000000000005,10351649838.645641
2860,0.10999999999999999,0.7700000000000005,10259249313.835312
2861,0.11999999999999998,0.7700000000000005,10164737892.625294
2862,0.12999999999999998,0.7700000000000005,10068065706.644863
2863,0.13999999999999999,0.7700000000000005,9969181971.796595
2864,0.15,0.7700000000000005,9868035031.908447
2865,0.16,0.7700000000000005,9764572410.872906
2866,0.17,0.7700000000000005,9658740874.24031
2867,0.18000000000000002,0.7700000000000005,9550486501.331903
2868,0.19000000000000003,0.7700000000000005,9439754769.04615
2869,0.20000000000000004,0.7700000000000005,9326490648.650764
2870,0.21000000000000005,0.7700000000000005,9210638716.983181
2871,0.22000000000000006,0.7700000000000005,9092143283.625793
2872,0.23000000000000007,0.7700000000000005,8970948535.779608
2873,0.24000000000000007,0.7700000000000005,8846998702.733116
2874,0.25000000000000006,0.7700000000000005,8720238242.01332
2875,0.26000000000000006,0.7700000000000005,8590612049.514702
2876,0.2700000000000001,0.7700000000000005,8458065696.131457
2877,0.2800000000000001,0.7700000000000005,8322545693.670493
2878,0.2900000000000001,0.7700000000000005,8183999793.099777
2879,0.3000000000000001,0.7700000000000005,8042377318.490924
2880,0.3100000000000001,0.7700000000000005,7897629540.3495865
2881,0.3200000000000001,0.7700000000000005,7749710092.394575
2882,0.3300000000000001,0.7700000000000005,7598575436.250576
2883,0.34000000000000014,0.7700000000000005,7444185378.963148
2884,0.35000000000000014,0.7700000000000005,7286503648.732267
2885,0.36000000000000015,0.7700000000000005,7125498534.796717
2886,0.37000000000000016,0.7700000000000005,6961143597.990543
2887,0.38000000000000017,0.7700000000000005,6793418459.140127
2888,0.3900000000000002,0.7700000000000005,6622309673.181859
2889,0.4000000000000002,0.7700000000000005,6447811697.662369
2890,0.4100000000000002,0.7700000000000005,6269927965.142768
2891,0.4200000000000002,0.7700000000000005,6088672069.973143
2892,0.4300000000000002,0.7700000000000005,5904069080.942166
2893,0.4400000000000002,0.7700000000000005,5716156992.448315
2894,0.45000000000000023,0.7700000000000005,5524988328.094537
2895,0.46000000000000024,0.7700000000000005,5330631911.9880705
2896,0.47000000000000025,0.7700000000000005,5133174824.544474
2897,0.48000000000000026,0.7700000000000005,4932724561.263203
2898,0.49000000000000027,0.7700000000000005,4729411414.776539
2899,0.5000000000000002,0.7700000000000005,4523391102.49085
2900,0.5100000000000002,0.7700000000000005,4314847664.357646
2901,0.5200000000000002,0.7700000000000005,4103996657.751322
2902,0.5300000000000002,0.7700000000000005,3891088679.1137576
2903,0.5400000000000003,0.7700000000000005,3676413244.9769044
2904,0.5500000000000003,0.7700000000000005,3460303068.2203074
2905,0.5600000000000003,0.7700000000000005,3243138768.9908743
2906,0.5700000000000003,0.7700000000000005,3025354063.639575
2907,0.5800000000000003,0.7700000000000005,2807441479.3500195
2908,0.5900000000000003,0.7700000000000005,2589958646.886811
2909,0.6000000000000003,0.7700000000000005,2373535229.1203513
2910,0.6100000000000003,0.7700000000000005,2158880548.7376633
2911,0.6200000000000003,0.7700000000000005,1946791984.878277
2912,0.6300000000000003,0.7700000000000005,1738164215.3986328
2913,0.6400000000000003,0.7700000000000005,1533999389.1315517
2914,0.6500000000000004,0.7700000000000005,1335418320.9397159
2915,0.6600000000000004,0.7700000000000005,1143672811.6412416
2916,0.6700000000000004,0.7700000000000005,960159205.0967028
2917,0.6800000000000004,0.7700000000000005,786433305.9845619
2918,0.6900000000000004,0.7700000000000005,624226794.1591567
2919,0.7000000000000004,0.7700000000000005,475465285.0964136
2920,0.7100000000000004,0.7700000000000005,342288200.9127635
2921,0.7200000000000004,0.7700000000000005,227070632.93036956
2922,0.7300000000000004,0.7700000000000005,132447394.90925245
2923,0.7400000000000004,0.7700000000000005,61339486.04137984
2924,0.7500000000000004,0.7700000000000005,16983204.788019687
2925,0.7600000000000005,0.7700000000000005,2962178.84265478
2926,0.01,0.7800000000000005,11169821702.977955
2927,0.02,0.7800000000000005,11096007098.754322
2928,0.03,0.7800000000000005,11020524850.818693
2929,0.04,0.7800000000000005,10943335316.163134
2930,0.05,0.7800000000000005,10864397808.335331
2931,0.060000000000000005,0.7800000000000005,10783670593.18938
2932,0.07,0.7800000000000005,10701110887.25745
2933,0.08,0.7800000000000005,10616674859.102486
2934,0.09,0.7800000000000005,10530317634.050238
2935,0.09999999999999999,0.7800000000000005,10441993302.740963
2936,0.10999999999999999,0.7800000000000005,10351654933.987331
2937,0.11999999999999998,0.7800000000000005,10259254592.475874
2938,0.12999999999999998,0.7800000000000005,10164743361.90516
2939,0.13999999999999999,0.7800000000000005,10068071374.215183
2940,0.15,0.7800000000000005,9969187845.63005
2941,0.16,0.7800000000000005,9868041120.309992
2942,0.17,0.7800000000000005,9764578722.490425
2943,0.18000000000000002,0.7800000000000005,9658747418.07505
2944,0.19000000000000003,0.7800000000000005,9550493286.748592
2945,0.20000000000000004,0.7800000000000005,9439761805.782692
2946,0.21000000000000005,0.7800000000000005,9326497946.827333
2947,0.22000000000000006,0.7800000000000005,9210646287.110588
2948,0.23000000000000007,0.7800000000000005,9092151136.6129
2949,0.24000000000000007,0.7800000000000005,8970956682.939577
2950,0.25000000000000006,0.7800000000000005,8847007155.788256
2951,0.26000000000000006,0.7800000000000005,8720247013.098206
2952,0.2700000000000001,0.7800000000000005,8590621151.177248
2953,0.2800000000000001,0.7800000000000005,8458075141.331558
2954,0.2900000000000001,0.7800000000000005,8322555495.775789
2955,0.3000000000000001,0.7800000000000005,8184009965.878021
2956,0.3100000000000001,0.7800000000000005,8042387876.098399
2957,0.3200000000000001,0.7800000000000005,7897640497.314899
2958,0.3300000000000001,0.7800000000000005,7749721463.597075
2959,0.34000000000000014,0.7800000000000005,7598587236.892563
2960,0.35000000000000014,0.7800000000000005,7444197624.534851
2961,0.36000000000000015,0.7800000000000005,7286516354.968542
2962,0.37000000000000016,0.7800000000000005,7125511717.624165
2963,0.38000000000000017,0.7800000000000005,6961157273.463633
2964,0.3900000000000002,0.7800000000000005,6793432643.364701
2965,0.4000000000000002,0.7800000000000005,6622324382.224157
2966,0.4100000000000002,0.7800000000000005,6447826947.441513
2967,0.4200000000000002,0.7800000000000005,6269943771.304284
2968,0.4300000000000002,0.7800000000000005,6088688447.740874
2969,0.4400000000000002,0.7800000000000005,5904086044.945475
2970,0.45000000000000023,0.7800000000000005,5716174556.521135
2971,0.46000000000000024,0.7800000000000005,5525006505.042358
2972,0.47000000000000025,0.7800000000000005,5330650713.318371
2973,0.48000000000000026,0.7800000000000005,5133194260.155578
2974,0.49000000000000027,0.7800000000000005,4932744639.08584
2975,0.5000000000000002,0.7800000000000005,4729432140.361635
2976,0.5100000000000002,0.7800000000000005,4523412478.536217
2977,0.5200000000000002,0.7800000000000005,4314869690.165228
2978,0.5300000000000002,0.7800000000000005,4104019328.605627
2979,0.5400000000000003,0.7800000000000005,3891111985.570797
2980,0.5500000000000003,0.7800000000000005,3676437172.051552
2981,0.5600000000000003,0.7800000000000005,3460327594.4583883
2982,0.5700000000000003,0.7800000000000005,3243163865.4105463
2983,0.5800000000000003,0.7800000000000005,3025379692.524375
2984,0.5900000000000003,0.7800000000000005,2807467592.8737507
2985,0.6000000000000003,0.7800000000000005,2589985185.547731
2986,0.6100000000000003,0.7800000000000005,2373562119.9591513
2987,0.6200000000000003,0.7800000000000005,2158907703.3103266
2988,0.6300000000000003,0.7800000000000005,1946819296.9511085
2989,0.6400000000000003,0.7800000000000005,1738191558.328306
2990,0.6500000000000004,0.7800000000000005,1534026612.888181
2991,0.6600000000000004,0.7800000000000005,1335445248.725285
2992,0.6700000000000004,0.7800000000000005,1143699236.049384
2993,0.6800000000000004,0.7800000000000005,960184883.7526715
2994,0.6900000000000004,0.7800000000000005,786457956.5959482
2995,0.7000000000000004,0.7800000000000005,624250088.8987668
2996,0.7100000000000004,0.7800000000000005,475486844.2280797
2997,0.7200000000000004,0.7800000000000005,342307585.55896413
2998,0.7300000000000004,0.7800000000000005,227087336.86699504
2999,0.7400000000000004,0.7800000000000005,132460835.25739427
3000,0.7500000000000004,0.7800000000000005,61348992.708594434
3001,0.7600000000000005,0.7800000000000005,16988008.491634052
3002,0.7700000000000005,0.7800000000000005,2961397.525152287
3003,0.01,0.7900000000000005,11242010795.115171
3004,0.02,0.7900000000000005,11169825349.90754
3005,0.03,0.7900000000000005,11096010871.743526
3006,0.04,0.7900000000000005,11020528754.71883
3007,0.05,0.7900000000000005,10943339356.038273
3008,0.060000000000000005,0.7900000000000005,10864401989.471348
3009,0.07,0.7900000000000005,10783674921.103228
3010,0.08,0.7900000000000005,10701115367.706753
3011,0.09,0.7900000000000005,10616679498.095364
3012,0.09999999999999999,0.7900000000000005,10530322437.855366
3013,0.10999999999999999,0.7900000000000005,10441998277.897871
3014,0.11999999999999998,0.7900000000000005,10351660087.316887
3015,0.12999999999999998,0.7900000000000005,10259259931.090939
3016,0.13999999999999999,0.7900000000000005,10164748893.221352
3017,0.15,0.7900000000000005,10068077105.961746
3018,0.16,0.7900000000000005,9969193785.860722
3019,0.17,0.7900000000000005,9868047277.413853
3020,0.18000000000000002,0.7900000000000005,9764585105.202599
3021,0.19000000000000003,0.7900000000000005,9658754035.487225
3022,0.20000000000000004,0.7900000000000005,9550500148.319191
3023,0.21000000000000005,0.7900000000000005,9439768921.346626
3024,0.22000000000000006,0.7900000000000005,9326505326.605143
3025,0.23000000000000007,0.7900000000000005,9210653941.716839
3026,0.24000000000000007,0.7900000000000005,9092159077.063623
3027,0.25000000000000006,0.7900000000000005,8970964920.658533
3028,0.26000000000000006,0.7900000000000005,8847015702.611755
3029,0.2700000000000001,0.7900000000000005,8720255881.278208
3030,0.2800000000000001,0.7900000000000005,8590630353.38237
3031,0.2900000000000001,0.7900000000000005,8458084690.645644
3032,0.3000000000000001,0.7900000000000005,8322565405.693531
3033,0.3100000000000001,0.7900000000000005,8184020250.297195
3034,0.3200000000000001,0.7900000000000005,8042398549.308077
3035,0.3300000000000001,0.7900000000000005,7897651573.978983
3036,0.34000000000000014,0.7900000000000005,7749732958.73242
3037,0.35000000000000014,0.7900000000000005,7598599165.84079
3038,0.36000000000000015,0.7900000000000005,7444210002.926897
3039,0.37000000000000016,0.7900000000000005,7286529198.6808195
3040,0.38000000000000017,0.7900000000000005,7125525042.725037
3041,0.3900000000000002,0.7900000000000005,6961171096.148802
3042,0.4000000000000002,0.7900000000000005,6793446979.879831
3043,0.4100000000000002,0.7900000000000005,6622339248.772902
3044,0.4200000000000002,0.7900000000000005,6447842360.076797
3045,0.4300000000000002,0.7900000000000005,6269959745.800487
3046,0.4400000000000002,0.7900000000000005,6088704999.444147
3047,0.45000000000000023,0.7900000000000005,5904103188.599148
3048,0.46000000000000024,0.7900000000000005,5716192306.062705
3049,0.47000000000000025,0.7900000000000005,5525024873.368065
3050,0.48000000000000026,0.7900000000000005,5330669712.01092
3051,0.49000000000000027,0.7900000000000005,5133213899.169892
3052,0.5000000000000002,0.7900000000000005,4932764926.387068
3053,0.5100000000000002,0.7900000000000005,4729453081.508907
3054,0.5200000000000002,0.7900000000000005,4523434076.204713
3055,0.5300000000000002,0.7900000000000005,4314891943.598228
3056,0.5400000000000003,0.7900000000000005,4104042232.987001
3057,0.5500000000000003,0.7900000000000005,3891135531.3071995
3058,0.5600000000000003,0.7900000000000005,3676461343.9521313
3059,0.5700000000000003,0.7900000000000005,3460352370.798267
3060,0.5800000000000003,0.7900000000000005,3243189216.862357
3061,0.5900000000000003,0.7900000000000005,3025405580.9402437
3062,0.6000000000000003,0.7900000000000005,2807493969.8976283
3063,0.6100000000000003,0.7900000000000005,2590011991.0353875
3064,0.6200000000000003,0.7900000000000005,2373589280.1801257
3065,0.6300000000000003,0.7900000000000005,2158935128.9026804
3066,0.6400000000000003,0.7900000000000005,1946846880.5959535
3067,0.6500000000000004,0.7900000000000005,1738219172.1067758
3068,0.6600000000000004,0.7900000000000005,1534054105.2783885
3069,0.6700000000000004,0.7900000000000005,1335472441.1912992
3070,0.6800000000000004,0.7900000000000005,1143725919.1677961
3071,0.6900000000000004,0.7900000000000005,960210812.815033
3072,0.7000000000000004,0.7900000000000005,786482846.6172194
3073,0.7100000000000004,0.7900000000000005,624273608.952453
3074,0.7200000000000004,0.7900000000000005,475508611.0182255
3075,0.7300000000000004,0.7900000000000005,342327156.127085
3076,0.7400000000000004,0.7900000000000005,227104200.31837925
3077,0.7500000000000004,0.7900000000000005,132474403.37571192
3078,0.7600000000000005,0.7900000000000005,61358589.31011608
3079,0.7700000000000005,0.7900000000000005,16992857.350404963
3080,0.7800000000000005,0.7900000000000005,2960608.6777070486
3081,0.01,0.8000000000000005,11312608232.553688
3082,0.02,0.8000000000000005,11242014360.983723
3083,0.03,0.8000000000000005,11169829038.51559
3084,0.04,0.8000000000000005,11096014687.787102
3085,0.05,0.8000000000000005,11020532703.099983
3086,0.060000000000000005,0.8000000000000005,10943343441.873909
3087,0.07,0.8000000000000005,10864406218.102316
3088,0.08,0.8000000000000005,10783679298.103718
3089,0.09,0.8000000000000005,10701119898.893934
3090,0.09999999999999999,0.8000000000000005,10616684189.539293
3091,0.10999999999999999,0.8000000000000005,10530327295.88915
3092,0.11999999999999998,0.8000000000000005,10442003309.128035
3093,0.12999999999999998,0.8000000000000005,10351665298.633938
3094,0.13999999999999999,0.8000000000000005,10259265329.68011
3095,0.15,0.8000000000000005,10164754486.573456
3096,0.16,0.8000000000000005,10068082901.884113
3097,0.17,0.8000000000000005,9969199792.488152
3098,0.18000000000000002,0.8000000000000005,9868053503.219542
3099,0.19000000000000003,0.8000000000000005,9764591559.008919
3100,0.20000000000000004,0.8000000000000005,9658760726.476295
3101,0.21000000000000005,0.8000000000000005,9550507086.043135
3102,0.22000000000000006,0.8000000000000005,9439776115.737354
3103,0.23000000000000007,0.8000000000000005,9326512787.983559
3104,0.24000000000000007,0.8000000000000005,9210661680.801268
3105,0.25000000000000006,0.8000000000000005,9092167104.977266
3106,0.26000000000000006,0.8000000000000005,8970973248.93574
3107,0.2700000000000001,0.8000000000000005,8847024343.20284
3108,0.2800000000000001,0.8000000000000005,8720264846.55251
3109,0.2900000000000001,0.8000000000000005,8590639656.129215
3110,0.3000000000000001,0.8000000000000005,8458094344.072805
3111,0.3100000000000001,0.8000000000000005,8322575423.422773
3112,0.3200000000000001,0.8000000000000005,8184030646.356305
3113,0.3300000000000001,0.8000000000000005,8042409338.118906
3114,0.34000000000000014,0.8000000000000005,7897662770.340729
3115,0.35000000000000014,0.8000000000000005,7749744577.799437
3116,0.36000000000000015,0.8000000000000005,7598611223.094024
3117,0.37000000000000016,0.8000000000000005,7444222514.138
3118,0.38000000000000017,0.8000000000000005,7286542179.867745
3119,0.3900000000000002,0.8000000000000005,7125538510.097917
3120,0.4000000000000002,0.8000000000000005,6961185066.044569
3121,0.4100000000000002,0.8000000000000005,6793461468.68397
3122,0.4200000000000002,0.8000000000000005,6622354272.8264675
3123,0.4300000000000002,0.8000000000000005,6447857935.566526
3124,0.4400000000000002,0.8000000000000005,6269975888.629601
3125,0.45000000000000023,0.8000000000000005,6088721725.081113
3126,0.46000000000000024,0.8000000000000005,5904120511.901274
3127,0.47000000000000025,0.8000000000000005,5716210241.071031
3128,0.48000000000000026,0.8000000000000005,5525043433.069592
3129,0.49000000000000027,0.8000000000000005,5330688908.063586
3130,0.5000000000000002,0.8000000000000005,5133233741.585222
3131,0.5100000000000002,0.8000000000000005,4932785423.164635
3132,0.5200000000000002,0.8000000000000005,4729474238.21604
3133,0.5300000000000002,0.8000000000000005,4523455895.493988
3134,0.5400000000000003,0.8000000000000005,4314914424.654273
3135,0.5500000000000003,0.8000000000000005,4104065370.89305
3136,0.5600000000000003,0.8000000000000005,3891159316.3205614
3137,0.5700000000000003,0.8000000000000005,3676485760.676276
3138,0.5800000000000003,0.8000000000000005,3460377397.237624
3139,0.5900000000000003,0.8000000000000005,3243214823.3440776
3140,0.6000000000000003,0.8000000000000005,3025431728.885071
3141,0.6100000000000003,0.8000000000000005,2807520610.4197063
3142,0.6200000000000003,0.8000000000000005,2590039063.348068
3143,0.6300000000000003,0.8000000000000005,2373616709.781864
3144,0.6400000000000003,0.8000000000000005,2158962825.513676
3145,0.6500000000000004,0.8000000000000005,1946874735.812234
3146,0.6600000000000004,0.8000000000000005,1738247056.7340312
3147,0.6700000000000004,0.8000000000000005,1534081866.3028593
3148,0.6800000000000004,0.8000000000000005,1335499898.3392978
3149,0.6900000000000004,0.8000000000000005,1143752860.9990296
3150,0.7000000000000004,0.8000000000000005,960236992.2875714
3151,0.7100000000000004,0.8000000000000005,786507976.053623
3152,0.7200000000000004,0.8000000000000005,624297354.3272061
3153,0.7300000000000004,0.8000000000000005,475530585.475914
3154,0.7400000000000004,0.8000000000000005,342346912.62863404
3155,0.7500000000000004,0.8000000000000005,227121223.29891634
3156,0.7600000000000005,0.8000000000000005,132488099.28199291
3157,0.7700000000000005,0.8000000000000005,61368275.86772853
3158,0.7800000000000005,0.8000000000000005,16997751.390801147
3159,0.7900000000000005,0.8000000000000005,2959812.332277069
3160,0.01,0.8100000000000005,11381650584.065426
3161,0.02,0.8100000000000005,11312611719.252018
3162,0.03,0.8100000000000005,11242017967.20337
3163,0.04,0.8100000000000005,11169832768.801884
3164,0.05,0.8100000000000005,11096018546.884808
3165,0.060000000000000005,0.8100000000000005,11020536695.961903
3166,0.07,0.8100000000000005,10943347573.669771
3167,0.08,0.8100000000000005,10864410494.227966
3168,0.09,0.8100000000000005,10783683724.190565
3169,0.09999999999999999,0.8100000000000005,10701124480.818687
3170,0.10999999999999999,0.8100000000000005,10616688933.433958
3171,0.11999999999999998,0.8100000000000005,10530332208.15126
3172,0.12999999999999998,0.8100000000000005,10442008396.431099
3173,0.13999999999999999,0.8100000000000005,10351670567.938112
3174,0.15,0.8100000000000005,10259270788.242996
3175,0.16,0.8100000000000005,10164760141.961058
3176,0.17,0.8100000000000005,10068088761.981842
3177,0.18000000000000002,0.8100000000000005,9969205865.511879
3178,0.19000000000000003,0.8100000000000005,9868059797.726574
3179,0.20000000000000004,0.8100000000000005,9764598083.90887
3180,0.21000000000000005,0.8100000000000005,9658767491.041725
3181,0.22000000000000006,0.8100000000000005,9550514099.919851
3182,0.23000000000000007,0.8100000000000005,9439783388.954275
3183,0.24000000000000007,0.8100000000000005,9326520330.961954
3184,0.25000000000000006,0.8100000000000005,9210669504.363209
3185,0.26000000000000006,0.8100000000000005,9092175220.353123
3186,0.2700000000000001,0.8100000000000005,8970981667.770454
3187,0.2800000000000001,0.8100000000000005,8847033077.56073
3188,0.2900000000000001,0.8100000000000005,8720273908.920292
3189,0.3000000000000001,0.8100000000000005,8590649059.416912
3190,0.3100000000000001,0.8100000000000005,8458104101.612137
3191,0.3200000000000001,0.8100000000000005,8322585548.962542
3192,0.3300000000000001,0.8100000000000005,8184041154.054335
3193,0.34000000000000014,0.8100000000000005,8042420242.529823
3194,0.35000000000000014,0.8100000000000005,7897674086.399024
3195,0.36000000000000015,0.8100000000000005,7749756320.796949
3196,0.37000000000000016,0.8100000000000005,7598623408.651033
3197,0.38000000000000017,0.8100000000000005,7444235158.166857
3198,0.3900000000000002,0.8100000000000005,7286555298.527962
3199,0.4000000000000002,0.8100000000000005,7125552119.741378
3200,0.4100000000000002,0.8100000000000005,6961199183.149427
3201,0.4200000000000002,0.8100000000000005,6793476109.775545
3202,0.4300000000000002,0.8100000000000005,6622369454.383215
3203,0.4400000000000002,0.8100000000000005,6447873673.908983
3204,0.45000000000000023,0.8100000000000005,6269992199.789835
3205,0.46000000000000024,0.8100000000000005,6088738624.64991
3206,0.47000000000000025,0.8100000000000005,5904138014.849907
3207,0.48000000000000026,0.8100000000000005,5716228361.544103
3208,0.49000000000000027,0.8100000000000005,5525062184.144853
3209,0.5000000000000002,0.8100000000000005,5330708301.474216
3210,0.5100000000000002,0.8100000000000005,5133253787.399347
3211,0.5200000000000002,0.8100000000000005,4932806129.416261
3212,0.5300000000000002,0.8100000000000005,4729495610.480703
3213,0.5400000000000003,0.8100000000000005,4523477936.401668
3214,0.5500000000000003,0.8100000000000005,4314937133.330954
3215,0.5600000000000003,0.8100000000000005,4104088742.321352
3216,0.5700000000000003,0.8100000000000005,3891183340.608473
3217,0.5800000000000003,0.8100000000000005,3676510422.2215977
3218,0.5900000000000003,0.8100000000000005,3460402673.774122
3219,0.6000000000000003,0.8100000000000005,3243240684.853448
3220,0.6100000000000003,0.8100000000000005,3025458136.3567348
3221,0.6200000000000003,0.8100000000000005,2807547514.4380407
3222,0.6300000000000003,0.8100000000000005,2590066402.4840465
3223,0.6400000000000003,0.8100000000000005,2373644408.76293
3224,0.6500000000000004,0.8100000000000005,2158990793.1422563
3225,0.6600000000000004,0.8100000000000005,1946902862.5993605
3226,0.6700000000000004,0.8100000000000005,1738275212.210063
3227,0.6800000000000004,0.8100000000000005,1534109895.9622889
3228,0.6900000000000004,0.8100000000000005,1335527620.1708267
3229,0.7000000000000004,0.8100000000000005,1143780061.5456684
3230,0.7100000000000004,0.8100000000000005,960263422.1741081
3231,0.7200000000000004,0.8100000000000005,786533344.9104606
3232,0.7300000000000004,0.8100000000000005,624321325.0300895
3233,0.7400000000000004,0.8100000000000005,475552767.61029357
3234,0.7500000000000004,0.8100000000000005,342366855.0752295
3235,0.7600000000000005,0.8100000000000005,227138405.82313427
3236,0.7700000000000005,0.8100000000000005,132501922.99419978
3237,0.7800000000000005,0.8100000000000005,61378052.403424054
3238,0.7900000000000005,0.8100000000000005,17002690.639542863
3239,0.8000000000000005,0.8100000000000005,2959008.5211217944
3240,0.01,0.8200000000000005,11449173411.674227
3241,0.02,0.8200000000000005,11381653993.431808
3242,0.03,0.8200000000000005,11312615245.020893
3243,0.04,0.8200000000000005,11242021613.773891
3244,0.05,0.8200000000000005,11169836540.76619
3245,0.060000000000000005,0.8200000000000005,11096022449.0364
3246,0.07,0.8200000000000005,11020540733.304329
3247,0.08,0.8200000000000005,10943351751.425596
3248,0.09,0.8200000000000005,10864414817.848011
3249,0.09999999999999999,0.8200000000000005,10783688199.363466
3250,0.10999999999999999,0.8200000000000005,10701129113.480703
3251,0.11999999999999998,0.8200000000000005,10616693729.779032
3252,0.12999999999999998,0.8200000000000005,10530337174.641342
3253,0.13999999999999999,0.8200000000000005,10442013539.8067
3254,0.15,0.8200000000000005,10351675895.229021
3255,0.16,0.8200000000000005,10259276306.779194
3256,0.17,0.8200000000000005,10164765859.38373
3257,0.18000000000000002,0.8200000000000005,10068094686.254492
3258,0.19000000000000003,0.8200000000000005,9969212004.931435
3259,0.20000000000000004,0.8200000000000005,9868066160.934456
3260,0.21000000000000005,0.8200000000000005,9764604679.901936
3261,0.22000000000000006,0.8200000000000005,9658774329.182959
3262,0.23000000000000007,0.8200000000000005,9550521189.948763
3263,0.24000000000000007,0.8200000000000005,9439790740.996782
3264,0.25000000000000006,0.8200000000000005,9326527955.539679
3265,0.26000000000000006,0.8200000000000005,9210677412.401981
3266,0.2700000000000001,0.8200000000000005,9092183423.190483
3267,0.2800000000000001,0.8200000000000005,8970990177.16193
3268,0.2900000000000001,0.8200000000000005,8847041905.684633
3269,0.3000000000000001,0.8200000000000005,8720283068.380718
3270,0.3100000000000001,0.8200000000000005,8590658563.244589
3271,0.3200000000000001,0.8200000000000005,8458113963.262709
3272,0.3300000000000001,0.8200000000000005,8322595782.311878
3273,0.34000000000000014,0.8200000000000005,8184051773.390259
3274,0.35000000000000014,0.8200000000000005,8042431262.539749
3275,0.36000000000000015,0.8200000000000005,7897685522.152727
3276,0.37000000000000016,0.8200000000000005,7749768187.72377
3277,0.38000000000000017,0.8200000000000005,7598635722.510567
3278,0.3900000000000002,0.8200000000000005,7444247935.012159
3279,0.4000000000000002,0.8200000000000005,7286568554.660085
3280,0.4100000000000002,0.8200000000000005,7125565871.65397
3281,0.4200000000000002,0.8200000000000005,6961213447.461872
3282,0.4300000000000002,0.8200000000000005,6793490903.152971
3283,0.4400000000000002,0.8200000000000005,6622384793.441484
3284,0.45000000000000023,0.8200000000000005,6447889575.102437
3285,0.46000000000000024,0.8200000000000005,6270008679.2793865
3286,0.47000000000000025,0.8200000000000005,6088755698.148654
3287,0.48000000000000026,0.8200000000000005,5904155697.443092
3288,0.49000000000000027,0.8200000000000005,5716246667.479885
3289,0.5000000000000002,0.8200000000000005,5525081126.5917425
3290,0.5100000000000002,0.8200000000000005,5330727892.24063
3291,0.5200000000000002,0.8200000000000005,5133274036.6100235
3292,0.5300000000000002,0.8200000000000005,4932827045.139639
3293,0.5400000000000003,0.8200000000000005,4729517198.300548
3294,0.5500000000000003,0.8200000000000005,4523500198.925355
3295,0.5600000000000003,0.8200000000000005,4314960069.625839
3296,0.5700000000000003,0.8200000000000005,4104112347.269462
3297,0.5800000000000003,0.8200000000000005,3891207604.1684856
3298,0.5900000000000003,0.8200000000000005,3676535328.5856786
3299,0.6000000000000003,0.8200000000000005,3460428200.4054003
3300,0.6100000000000003,0.8200000000000005,3243266801.388201
3301,0.6200000000000003,0.8200000000000005,3025484803.3530793
3302,0.6300000000000003,0.8200000000000005,2807574681.950652
3303,0.6400000000000003,0.8200000000000005,2590094008.441581
3304,0.6500000000000004,0.8200000000000005,2373672377.121886
3305,0.6600000000000004,0.8200000000000005,2159019031.787361
3306,0.6700000000000004,0.8200000000000005,1946931260.9567409
3307,0.6800000000000004,0.8200000000000005,1738303638.534865
3308,0.6900000000000004,0.8200000000000005,1534138194.2573802
3309,0.7000000000000004,0.8200000000000005,1335555606.6874568
3310,0.7100000000000004,0.8200000000000005,1143807520.8103263
3311,0.7200000000000004,0.8200000000000005,960290102.4785063
3312,0.7300000000000004,0.8200000000000005,786558953.1930871
3313,0.7400000000000004,0.8200000000000005,624345521.0682319
3314,0.7500000000000004,0.8200000000000005,475575157.43060476
3315,0.7600000000000005,0.8200000000000005,342386983.47859883
3316,0.7700000000000005,0.8200000000000005,227155747.90570688
3317,0.7800000000000005,0.8200000000000005,132515874.53046548
3318,0.7900000000000005,0.8200000000000005,61387918.939402655
3319,0.8000000000000005,0.8200000000000005,17007675.123602092
3320,0.8100000000000005,0.8200000000000005,2958197.2768024905
3321,0.01,0.8300000000000005,11515211283.739897
3322,0.02,0.8300000000000005,11449176745.495132
3323,0.03,0.8300000000000005,11381657440.63316
3324,0.04,0.8300000000000005,11312618809.860107
3325,0.05,0.8300000000000005,11242025300.695072
3326,0.060000000000000005,0.8300000000000005,11169840354.408276
3327,0.07,0.8300000000000005,11096026394.24164
3328,0.08,0.8300000000000005,11020544815.127014
3329,0.09,0.8300000000000005,10943355975.14111
3330,0.09999999999999999,0.8300000000000005,10864419188.96217
3331,0.10999999999999999,0.8300000000000005,10783692723.622131
3332,0.11999999999999998,0.8300000000000005,10701133796.879663
3333,0.12999999999999998,0.8300000000000005,10616698578.574177
3334,0.13999999999999999,0.8300000000000005,10530342195.359053
3335,0.15,0.8300000000000005,10442018739.25447
3336,0.16,0.8300000000000005,10351681280.50628
3337,0.17,0.8300000000000005,10259281885.288292
3338,0.18000000000000002,0.8300000000000005,10164771638.84105
3339,0.19000000000000003,0.8300000000000005,10068100674.70161
3340,0.20000000000000004,0.8300000000000005,9969218210.746342
3341,0.21000000000000005,0.8300000000000005,9868072592.842688
3342,0.22000000000000006,0.8300000000000005,9764611346.98758
3343,0.23000000000000007,0.8300000000000005,9658781240.899445
3344,0.24000000000000007,0.8300000000000005,9550528356.129282
3345,0.25000000000000006,0.8300000000000005,9439798171.864258
3346,0.26000000000000006,0.8300000000000005,9326535661.71609
3347,0.2700000000000001,0.8300000000000005,9210685404.916908
3348,0.2800000000000001,0.8300000000000005,9092191713.488626
3349,0.2900000000000001,0.8300000000000005,8970998777.109406
3350,0.3000000000000001,0.8300000000000005,8847050827.573753
3351,0.3100000000000001,0.8300000000000005,8720292324.93295
3352,0.3200000000000001,0.8300000000000005,8590668167.611353
3353,0.3300000000000001,0.8300000000000005,8458123929.023589
3354,0.34000000000000014,0.8300000000000005,8322606123.469791
3355,0.35000000000000014,0.8300000000000005,8184062504.3630495
3356,0.36000000000000015,0.8300000000000005,8042442398.147597
3357,0.37000000000000016,0.8300000000000005,7897697077.600701
3358,0.38000000000000017,0.8300000000000005,7749780178.578696
3359,0.3900000000000002,0.8300000000000005,7598648164.671363
3360,0.4000000000000002,0.8300000000000005,7444260844.672575
3361,0.4100000000000002,0.8300000000000005,7286581948.262724
3362,0.4200000000000002,0.8300000000000005,7125579765.834233
3363,0.4300000000000002,0.8300000000000005,6961227858.980365
3364,0.4400000000000002,0.8300000000000005,6793505848.814645
3365,0.45000000000000023,0.8300000000000005,6622400289.999596
3366,0.46000000000000024,0.8300000000000005,6447905639.145134
3367,0.47000000000000025,0.8300000000000005,6270025327.096426
3368,0.48000000000000026,0.8300000000000005,6088772945.575438
3369,0.49000000000000027,0.8300000000000005,5904173559.678848
3370,0.5000000000000002,0.8300000000000005,5716265158.87632
3371,0.5100000000000002,0.8300000000000005,5525100260.408133
3372,0.5200000000000002,0.8300000000000005,5330747680.360631
3373,0.5300000000000002,0.8300000000000005,5133294489.214989
3374,0.5400000000000003,0.8300000000000005,4932848170.332444
3375,0.5500000000000003,0.8300000000000005,4729539001.673187
3376,0.5600000000000003,0.8300000000000005,4523522683.062626
3377,0.5700000000000003,0.8300000000000005,4314983233.536483
3378,0.5800000000000003,0.8300000000000005,4104136185.7349133
3379,0.5900000000000003,0.8300000000000005,3891232106.9981403
3380,0.6000000000000003,0.8300000000000005,3676560479.7660775
3381,0.6100000000000003,0.8300000000000005,3460453977.129072
3382,0.6200000000000003,0.8300000000000005,3243293172.9460363
3383,0.6300000000000003,0.8300000000000005,3025511729.8719444
3384,0.6400000000000003,0.8300000000000005,2807602112.9555497
3385,0.6500000000000004,0.8300000000000005,2590121881.2189174
3386,0.6600000000000004,0.8300000000000005,2373700614.857273
3387,0.6700000000000004,0.8300000000000005,2159047541.447919
3388,0.6800000000000004,0.8300000000000005,1946959930.883779
3389,0.6900000000000004,0.8300000000000005,1738332335.7084246
3390,0.7000000000000004,0.8300000000000005,1534166761.1888485
3391,0.7100000000000004,0.8300000000000005,1335583857.8907733
3392,0.7200000000000004,0.8300000000000005,1143835238.7956362
3393,0.7300000000000004,0.8300000000000005,960317033.204663
3394,0.7400000000000004,0.8300000000000005,786584800.9069123
3395,0.7500000000000004,0.8300000000000005,624369942.4488376
3396,0.7600000000000005,0.8300000000000005,475597754.9461746
3397,0.7700000000000005,0.8300000000000005,342407297.85059094
3398,0.7800000000000005,0.8300000000000005,227173249.56144768
3399,0.7900000000000005,0.8300000000000005,132529953.90909508
3400,0.8000000000000005,0.8300000000000005,61397875.49807362
3401,0.8100000000000005,0.8300000000000005,17012704.87020203
3402,0.8200000000000005,0.8300000000000005,2957378.63218146
3403,0.01,0.8400000000000005,11579797789.13017
3404,0.02,0.8400000000000005,11515214543.750757
3405,0.03,0.8400000000000005,11449180115.958607
3406,0.04,0.8400000000000005,11381660925.669277
3407,0.05,0.8400000000000005,11312622413.769447
3408,0.060000000000000005,0.8400000000000005,11242029027.966679
3409,0.07,0.8400000000000005,11169844209.727907
3410,0.08,0.8400000000000005,11096030382.500275
3411,0.09,0.8400000000000005,11020548941.429691
3412,0.09999999999999999,0.8400000000000005,10943360244.816044
3413,0.10999999999999999,0.8400000000000005,10864423607.570156
3414,0.11999999999999998,0.8400000000000005,10783697296.96625
3415,0.12999999999999998,0.8400000000000005,10701138531.015253
3416,0.13999999999999999,0.8400000000000005,10616703479.819063
3417,0.15,0.8400000000000005,10530347270.304039
3418,0.16,0.8400000000000005,10442023994.77404
3419,0.17,0.8400000000000005,10351686723.769503
3420,0.18000000000000002,0.8400000000000005,10259287523.769888
3421,0.19000000000000003,0.8400000000000005,10164777480.332577
3422,0.20000000000000004,0.8400000000000005,10068106727.32274
3423,0.21000000000000005,0.8400000000000005,9969224482.95612
3424,0.22000000000000006,0.8400000000000005,9868079093.450762
3425,0.23000000000000007,0.8400000000000005,9764618085.165277
3426,0.24000000000000007,0.8400000000000005,9658788226.190624
3427,0.25000000000000006,0.8400000000000005,9550535598.460823
3428,0.26000000000000006,0.8400000000000005,9439805681.556078
3429,0.2700000000000001,0.8400000000000005,9326543449.490532
3430,0.2800000000000001,0.8400000000000005,9210693481.907295
3431,0.2900000000000001,0.8400000000000005,9092200091.246826
3432,0.3000000000000001,0.8400000000000005,8971007467.612114
3433,0.3100000000000001,0.8400000000000005,8847059843.227278
3434,0.3200000000000001,0.8400000000000005,8720301678.576134
3435,0.3300000000000001,0.8400000000000005,8590677872.516312
3436,0.34000000000000014,0.8400000000000005,8458133998.893837
3437,0.35000000000000014,0.8400000000000005,8322616572.435293
3438,0.36000000000000015,0.8400000000000005,8184073346.971657
3439,0.37000000000000016,0.8400000000000005,8042453649.352268
3440,0.38000000000000017,0.8400000000000005,7897708752.741784
3441,0.3900000000000002,0.8400000000000005,7749792293.360508
3442,0.4000000000000002,0.8400000000000005,7598660735.132139
3443,0.4100000000000002,0.8400000000000005,7444273887.146765
3444,0.4200000000000002,0.8400000000000005,7286595479.334473
3445,0.4300000000000002,0.8400000000000005,7125593802.280694
3446,0.4400000000000002,0.8400000000000005,6961242417.7033615
3447,0.45000000000000023,0.8400000000000005,6793520946.758947
3448,0.46000000000000024,0.8400000000000005,6622415944.05586
3449,0.47000000000000025,0.8400000000000005,6447921866.035306
3450,0.48000000000000026,0.8400000000000005,6270042143.239106
3451,0.49000000000000027,0.8400000000000005,6088790366.928348
3452,0.5000000000000002,0.8400000000000005,5904191601.555176
3453,0.5100000000000002,0.8400000000000005,5716283835.731339
3454,0.5200000000000002,0.8400000000000005,5525119585.591874
3455,0.5300000000000002,0.8400000000000005,5330767665.831998
3456,0.5400000000000003,0.8400000000000005,5133315145.211954
3457,0.5500000000000003,0.8400000000000005,4932869504.992334
3458,0.5600000000000003,0.8400000000000005,4729561020.596222
3459,0.5700000000000003,0.8400000000000005,4523545388.811039
3460,0.5800000000000003,0.8400000000000005,4315006625.060405
3461,0.5900000000000003,0.8400000000000005,4104160257.71521
3462,0.6000000000000003,0.8400000000000005,3891256849.094949
3463,0.6100000000000003,0.8400000000000005,3676585875.760336
3464,0.6200000000000003,0.8400000000000005,3460480003.9427333
3465,0.6300000000000003,0.8400000000000005,3243319799.5246367
3466,0.6400000000000003,0.8400000000000005,3025538915.911139
3467,0.6500000000000004,0.8400000000000005,2807629807.450727
3468,0.6600000000000004,0.8400000000000005,2590150020.8142796
3469,0.6700000000000004,0.8400000000000005,2373729121.96763
3470,0.6800000000000004,0.8400000000000005,2159076322.1228456
3471,0.6900000000000004,0.8400000000000005,1946988872.3798804
3472,0.7000000000000004,0.8400000000000005,1738361303.730741
3473,0.7100000000000004,0.8400000000000005,1534195596.7574148
3474,0.7200000000000004,0.8400000000000005,1335612373.782381
3475,0.7300000000000004,0.8400000000000005,1143863215.5042713
3476,0.7400000000000004,0.8400000000000005,960344214.356523
3477,0.7500000000000004,0.8400000000000005,786610888.0573957
3478,0.7600000000000005,0.8400000000000005,624394589.1791787
3479,0.7700000000000005,0.8400000000000005,475620560.16642267
3480,0.7800000000000005,0.8400000000000005,342427798.20316315
3481,0.7900000000000005,0.8400000000000005,227190910.8053043
3482,0.8000000000000005,0.8400000000000005,132544161.14856628
3483,0.8100000000000005,0.8400000000000005,61407922.10205342
3484,0.8200000000000005,0.8400000000000005,17017779.90681719
3485,0.8300000000000005,0.8400000000000005,2956552.6204226743
3486,0.01,0.8500000000000005,11642965552.306353
3487,0.02,0.8500000000000005,11579800977.016201
3488,0.03,0.8500000000000005,11515217839.253235
3489,0.04,0.8500000000000005,11449183523.064445
3490,0.05,0.8500000000000005,11381664448.539955
3491,0.060000000000000005,0.8500000000000005,11312626056.748692
3492,0.07,0.8500000000000005,11242032795.588488
3493,0.08,0.8500000000000005,11169848106.724842
3494,0.09,0.8500000000000005,11096034413.812054
3495,0.09999999999999999,0.8500000000000005,11020553112.212097
3496,0.10999999999999999,0.8500000000000005,10943364560.450117
3497,0.11999999999999998,0.8500000000000005,10864428073.671677
3498,0.12999999999999998,0.8500000000000005,10783701919.39552
3499,0.13999999999999999,0.8500000000000005,10701143315.887146
3500,0.15,0.8500000000000005,10616708433.51335
3501,0.16,0.8500000000000005,10530352399.475945
3502,0.17,0.8500000000000005,10442029306.365034
3503,0.18000000000000002,0.8500000000000005,10351692225.018291
3504,0.19000000000000003,0.8500000000000005,10259293222.223562
3505,0.20000000000000004,0.8500000000000005,10164783383.857882
3506,0.21000000000000005,0.8500000000000005,10068112844.117424
3507,0.22000000000000006,0.8500000000000005,9969230821.560284
3508,0.23000000000000007,0.8500000000000005,9868085662.758167
3509,0.24000000000000007,0.8500000000000005,9764624894.43449
3510,0.25000000000000006,0.8500000000000005,9658795285.05593
3511,0.26000000000000006,0.8500000000000005,9550542916.942787
3512,0.2700000000000001,0.8500000000000005,9439813270.071615
3513,0.2800000000000001,0.8500000000000005,9326551318.862335
3514,0.2900000000000001,0.8500000000000005,9210701643.372442
3515,0.3000000000000001,0.8500000000000005,9092208556.46434
3516,0.3100000000000001,0.8500000000000005,8971016248.669281
3517,0.3200000000000001,0.8500000000000005,8847068952.644392
3518,0.3300000000000001,0.8500000000000005,8720311129.30941
3519,0.34000000000000014,0.8500000000000005,8590687677.958557
3520,0.35000000000000014,0.8500000000000005,8458144172.872494
3521,0.36000000000000015,0.8500000000000005,8322627129.207373
3522,0.37000000000000016,0.8500000000000005,8184084301.215023
3523,0.38000000000000017,0.8500000000000005,8042465016.152648
3524,0.3900000000000002,0.8500000000000005,7897720547.57481
3525,0.4000000000000002,0.8500000000000005,7749804532.067982
3526,0.4100000000000002,0.8500000000000005,7598673433.891605
3527,0.4200000000000002,0.8500000000000005,7444287062.433374
3528,0.4300000000000002,0.8500000000000005,7286609147.873903
3529,0.4400000000000002,0.8500000000000005,7125607980.991858
3530,0.45000000000000023,0.8500000000000005,6961257123.629297
3531,0.46000000000000024,0.8500000000000005,6793536196.9842415
3532,0.47000000000000025,0.8500000000000005,6622431755.608562
3533,0.48000000000000026,0.8500000000000005,6447938255.771167
3534,0.49000000000000027,0.8500000000000005,6270059127.705564
3535,0.5000000000000002,0.8500000000000005,6088807962.20543
3536,0.5100000000000002,0.8500000000000005,5904209823.070056
3537,0.5200000000000002,0.8500000000000005,5716302698.042839
3538,0.5300000000000002,0.8500000000000005,5525139102.140793
3539,0.5400000000000003,0.8500000000000005,5330787848.652488
3540,0.5500000000000003,0.8500000000000005,5133336004.59861
3541,0.5600000000000003,0.8500000000000005,4932891049.116932
3542,0.5700000000000003,0.8500000000000005,4729583255.067231
3543,0.5800000000000003,0.8500000000000005,4523568316.16812
3544,0.5900000000000003,0.8500000000000005,4315030244.195103
3545,0.6000000000000003,0.8500000000000005,4104184563.20784
3546,0.6100000000000003,0.8500000000000005,3891281830.4563923
3547,0.6200000000000003,0.8500000000000005,3676611516.565965
3548,0.6300000000000003,0.8500000000000005,3460506280.843952
3549,0.6400000000000003,0.8500000000000005,3243346681.121665
3550,0.6500000000000004,0.8500000000000005,3025566361.4684563
3551,0.6600000000000004,0.8500000000000005,2807657765.4341545
3552,0.6700000000000004,0.8500000000000005,2590178427.2258835
3553,0.6800000000000004,0.8500000000000005,2373757898.45147
3554,0.6900000000000004,0.8500000000000005,2159105373.8110557
3555,0.7000000000000004,0.8500000000000005,1947018085.4444404
3556,0.7100000000000004,0.8500000000000005,1738390542.6018124
3557,0.7200000000000004,0.8500000000000005,1534224700.9638095
3558,0.7300000000000004,0.8500000000000005,1335641154.3639002
3559,0.7400000000000004,0.8500000000000005,1143891450.9389205
3560,0.7500000000000004,0.8500000000000005,960371645.9380641
3561,0.7600000000000005,0.8500000000000005,786637214.6500545
3562,0.7700000000000005,0.8500000000000005,624419461.2665976
3563,0.7800000000000005,0.8500000000000005,475643573.10085976
3564,0.7900000000000005,0.8500000000000005,342448484.5483848
3565,0.8000000000000005,0.8500000000000005,227208731.6523734
3566,0.8100000000000005,0.8500000000000005,132558496.26752397
3567,0.8200000000000005,0.8500000000000005,61418058.77416977
3568,0.8300000000000005,0.8500000000000005,17022900.26117389
3569,0.8400000000000005,0.8500000000000005,2955719.274991304
3570,0.01,0.8600000000000005,11704746249.16619
3571,0.02,0.8600000000000005,11642968669.7034
3572,0.03,0.8600000000000005,11579804199.282682
3573,0.04,0.8600000000000005,11515221170.247131
3574,0.05,0.8600000000000005,11449186966.812456
3575,0.060000000000000005,0.8600000000000005,11381668009.244986
3576,0.07,0.8600000000000005,11312629738.797626
3577,0.08,0.8600000000000005,11242036603.560272
3578,0.09,0.8600000000000005,11169852045.398838
3579,0.09999999999999999,0.8600000000000005,11096038488.176725
3580,0.10999999999999999,0.8600000000000005,11020557327.473969
3581,0.11999999999999998,0.8600000000000005,10943368922.043049
3582,0.12999999999999998,0.8600000000000005,10864432587.26644
3583,0.13999999999999999,0.8600000000000005,10783706590.909632
3584,0.15,0.8600000000000005,10701148151.495022
3585,0.16,0.8600000000000005,10616713439.6567
3586,0.17,0.8600000000000005,10530357582.874409
3587,0.18000000000000002,0.8600000000000005,10442034674.027075
3588,0.19000000000000003,0.8600000000000005,10351697784.252247
3589,0.20000000000000004,0.8600000000000005,10259298980.648891
3590,0.21000000000000005,0.8600000000000005,10164789349.416517
3591,0.22000000000000006,0.8600000000000005,10068119025.085192
3592,0.23000000000000007,0.8600000000000005,9969237226.558348
3593,0.24000000000000007,0.8600000000000005,9868092300.764389
3594,0.25000000000000006,0.8600000000000005,9764631774.794672
3595,0.26000000000000006,0.8600000000000005,9658802417.494785
3596,0.2700000000000001,0.8600000000000005,9550550311.574564
3597,0.2800000000000001,0.8600000000000005,9439820937.410234
3598,0.2900000000000001,0.8600000000000005,9326559269.830837
3599,0.3000000000000001,0.8600000000000005,9210709889.311646
3600,0.3100000000000001,0.8600000000000005,9092217109.14043
3601,0.3200000000000001,0.8600000000000005,8971025120.280119
3602,0.3300000000000001,0.8600000000000005,8847078155.82427
3603,0.34000000000000014,0.8600000000000005,8720320677.131908
3604,0.35000000000000014,0.8600000000000005,8590697583.937172
3605,0.36000000000000015,0.8600000000000005,8458154450.958596
3606,0.37000000000000016,0.8600000000000005,8322637793.785019
3607,0.38000000000000017,0.8600000000000005,8184095367.092085
3608,0.3900000000000002,0.8600000000000005,8042476498.547616
3609,0.4000000000000002,0.8600000000000005,7897732462.098597
3610,0.4100000000000002,0.8600000000000005,7749816894.699869
3611,0.4200000000000002,0.8600000000000005,7598686260.948462
3612,0.4300000000000002,0.8600000000000005,7444300370.531033
3613,0.4400000000000002,0.8600000000000005,7286622953.879584
3614,0.45000000000000023,0.8600000000000005,7125622301.966215
3615,0.46000000000000024,0.8600000000000005,6961271976.756594
3616,0.47000000000000025,0.8600000000000005,6793551599.4888735
3617,0.48000000000000026,0.8600000000000005,6622447724.655973
3618,0.49000000000000027,0.8600000000000005,6447954808.350908
3619,0.5000000000000002,0.8600000000000005,6270076280.493913
3620,0.5100000000000002,0.8600000000000005,6088825731.404728
3621,0.5200000000000002,0.8600000000000005,5904228224.221446
3622,0.5300000000000002,0.8600000000000005,5716321745.808708
3623,0.5400000000000003,0.8600000000000005,5525158810.052701
3624,0.5500000000000003,0.8600000000000005,5330808228.819837
3625,0.5600000000000003,0.8600000000000005,5133357067.3726225
3626,0.5700000000000003,0.8600000000000005,4932912802.703843
3627,0.5800000000000003,0.8600000000000005,4729605705.083761
3628,0.5900000000000003,0.8600000000000005,4523591465.131379
3629,0.6000000000000003,0.8600000000000005,4315054090.938052
3630,0.6100000000000003,0.8600000000000005,4104209102.2102613
3631,0.6200000000000003,0.8600000000000005,3891307051.0799427
3632,0.6300000000000003,0.8600000000000005,3676637402.180461
3633,0.6400000000000003,0.8600000000000005,3460532807.8302784
3634,0.6500000000000004,0.8600000000000005,3243373817.734759
3635,0.6600000000000004,0.8600000000000005,3025594066.541669
3636,0.6700000000000004,0.8600000000000005,2807685986.9037886
3637,0.6800000000000004,0.8600000000000005,2590207100.4519253
3638,0.6900000000000004,0.8600000000000005,2373786944.307307
3639,0.7000000000000004,0.8600000000000005,2159134696.511447
3640,0.7100000000000004,0.8600000000000005,1947047570.0768504
3641,0.7200000000000004,0.8600000000000005,1738420052.3216348
3642,0.7300000000000004,0.8600000000000005,1534254073.8087716
3643,0.7400000000000004,0.8600000000000005,1335670199.636968
3644,0.7500000000000004,0.8600000000000005,1143919945.1023045
3645,0.7600000000000005,0.8600000000000005,960399327.9533026
3646,0.7700000000000005,0.8600000000000005,786663780.690455
3647,0.7800000000000005,0.8600000000000005,624444558.7185085
3648,0.7900000000000005,0.8600000000000005,475666793.75908303
3649,0.8000000000000005,0.8600000000000005,342469356.8984404
3650,0.8100000000000005,0.8600000000000005,227226712.11788276
3651,0.8200000000000005,0.8600000000000005,132572959.28479166
3652,0.8300000000000005,0.8600000000000005,61428285.5374566
3653,0.8400000000000005,0.8600000000000005,17028065.961249877
3654,0.8500000000000005,0.8600000000000005,2954878.629653832
3655,0.01,0.8700000000000006,11765170623.503546
3656,0.02,0.8700000000000006,11704749297.661627
3657,0.03,0.8700000000000006,11642971820.40794
3658,0.04,0.8700000000000006,11579807455.929441
3659,0.05,0.8700000000000006,11515224536.732262
3660,0.060000000000000005,0.8700000000000006,11449190447.202435
3661,0.07,0.8700000000000006,11381671607.784153
3662,0.08,0.8700000000000006,11312633459.91603
3663,0.09,0.8700000000000006,11242040451.881798
3664,0.09999999999999999,0.8700000000000006,11169856025.749657
3665,0.10999999999999999,0.8700000000000006,11096042605.594036
3666,0.11999999999999998,0.8700000000000006,11020561587.215036
3667,0.12999999999999998,0.8700000000000006,10943373329.59456
3668,0.13999999999999999,0.8700000000000006,10864437148.354141
3669,0.15,0.8700000000000006,10783711311.508268
3670,0.16,0.8700000000000006,10701153037.83855
3671,0.17,0.8700000000000006,10616718498.24876
3672,0.18000000000000002,0.8700000000000006,10530362820.49907
3673,0.19000000000000003,0.8700000000000006,10442040097.759777
3674,0.20000000000000004,0.8700000000000006,10351703401.470968
3675,0.21000000000000005,0.8700000000000006,10259304799.045456
3676,0.22000000000000006,0.8700000000000006,10164795377.008038
3677,0.23000000000000007,0.8700000000000006,10068125270.225576
3678,0.24000000000000007,0.8700000000000006,9969243697.94981
3679,0.25000000000000006,0.8700000000000006,9868099007.468904
3680,0.26000000000000006,0.8700000000000006,9764638726.245272
3681,0.2700000000000001,0.8700000000000006,9658809623.506607
3682,0.2800000000000001,0.8700000000000006,9550557782.35555
3683,0.2900000000000001,0.8700000000000006,9439828683.571285
3684,0.3000000000000001,0.8700000000000006,9326567302.395353
3685,0.3100000000000001,0.8700000000000006,9210718219.724188
3686,0.3200000000000001,0.8700000000000006,9092225749.27434
3687,0.3300000000000001,0.8700000000000006,8971034082.44384
3688,0.34000000000000014,0.8700000000000006,8847087452.766077
3689,0.35000000000000014,0.8700000000000006,8720330322.042751
3690,0.36000000000000015,0.8700000000000006,8590707590.451237
3691,0.37000000000000016,0.8700000000000006,8458164833.151175
3692,0.38000000000000017,0.8700000000000006,8322648566.167212
3693,0.3900000000000002,0.8700000000000006,8184106544.601759
3694,0.4000000000000002,0.8700000000000006,8042488096.536034
3695,0.4100000000000002,0.8700000000000006,7897744496.311949
3696,0.4200000000000002,0.8700000000000006,7749829381.254924
3697,0.4300000000000002,0.8700000000000006,7598699216.301383
3698,0.4400000000000002,0.8700000000000006,7444313811.4383545
3699,0.45000000000000023,0.8700000000000006,7286636897.350058
3700,0.46000000000000024,0.8700000000000006,7125636765.202247
3701,0.47000000000000025,0.8700000000000006,6961286977.083657
3702,0.48000000000000026,0.8700000000000006,6793567154.271172
3703,0.49000000000000027,0.8700000000000006,6622463851.196349
3704,0.5000000000000002,0.8700000000000006,6447971523.772705
3705,0.5100000000000002,0.8700000000000006,6270093601.602253
3706,0.5200000000000002,0.8700000000000006,6088843674.524262
3707,0.5300000000000002,0.8700000000000006,5904246805.007287
3708,0.5400000000000003,0.8700000000000006,5716340979.026804
3709,0.5500000000000003,0.8700000000000006,5525178709.325381
3710,0.5600000000000003,0.8700000000000006,5330828806.3317585
3711,0.5700000000000003,0.8700000000000006,5133378333.531639
3712,0.5800000000000003,0.8700000000000006,4932934765.75065
3713,0.5900000000000003,0.8700000000000006,4729628370.643342
3714,0.6000000000000003,0.8700000000000006,4523614835.698296
3715,0.6100000000000003,0.8700000000000006,4315078165.286709
3716,0.6200000000000003,0.8700000000000006,4104233874.7199116
3717,0.6300000000000003,0.8700000000000006,3891332510.963033
3718,0.6400000000000003,0.8700000000000006,3676663532.601287
3719,0.6500000000000004,0.8700000000000006,3460559584.8992376
3720,0.6600000000000004,0.8700000000000006,3243401209.361534
3721,0.6700000000000004,0.8700000000000006,3025622031.1285267
3722,0.6800000000000004,0.8700000000000006,2807714471.8575654
3723,0.6900000000000004,0.8700000000000006,2590236040.4905796
3724,0.7000000000000004,0.8700000000000006,2373816259.5336323
3725,0.7100000000000004,0.8700000000000006,2159164290.2229147
3726,0.7200000000000004,0.8700000000000006,1947077326.2765002
3727,0.7300000000000004,0.8700000000000006,1738449832.890215
3728,0.7400000000000004,0.8700000000000006,1534283715.2930546
3729,0.7500000000000004,0.8700000000000006,1335699509.6032395
3730,0.7600000000000005,0.8700000000000006,1143948697.9971738
3731,0.7700000000000005,0.8700000000000006,960427260.406302
3732,0.7800000000000005,0.8700000000000006,786690586.1842283
3733,0.7900000000000005,0.8700000000000006,624469881.542393
3734,0.8000000000000005,0.8700000000000006,475690222.1507832
3735,0.8100000000000005,0.8700000000000006,342490415.2656246
3736,0.8200000000000005,0.8700000000000006,227244852.21720672
3737,0.8300000000000005,0.8700000000000006,132587550.21935767
3738,0.8400000000000005,0.8700000000000006,61438602.41515583
3739,0.8500000000000005,0.8700000000000006,17033277.035273805
3740,0.8600000000000005,0.8700000000000006,2954030.7184779374
3741,0.01,0.8800000000000006,11824268503.959171
3742,0.02,0.8800000000000006,11765173604.637173
3743,0.03,0.8800000000000006,11704752378.428263
3744,0.04,0.8800000000000006,11642975004.419802
3745,0.05,0.8800000000000006,11579810746.95628
3746,0.060000000000000005,0.8800000000000006,11515227938.708427
3747,0.07,0.8800000000000006,11449193964.23418
3748,0.08,0.8800000000000006,11381675244.15725
3749,0.09,0.8800000000000006,11312637220.103676
3750,0.09999999999999999,0.8800000000000006,11242044340.55283
3751,0.10999999999999999,0.8800000000000006,11169860047.777046
3752,0.11999999999999998,0.8800000000000006,11096046766.06372
3753,0.12999999999999998,0.8800000000000006,11020565891.435024
3754,0.13999999999999999,0.8800000000000006,10943377783.104362
3755,0.15,0.8800000000000006,10864441756.934486
3756,0.16,0.8800000000000006,10783716081.19112
3757,0.17,0.8800000000000006,10701157974.917397
3758,0.18000000000000002,0.8800000000000006,10616723609.289185
3759,0.19000000000000003,0.8800000000000006,10530368112.349556
3760,0.20000000000000004,0.8800000000000006,10442045577.562752
3761,0.21000000000000005,0.8800000000000006,10351709076.674046
3762,0.22000000000000006,0.8800000000000006,10259310677.412823
3763,0.23000000000000007,0.8800000000000006,10164801466.63199
3764,0.24000000000000007,0.8800000000000006,10068131579.538101
3765,0.25000000000000006,0.8800000000000006,9969250235.73417
3766,0.26000000000000006,0.8800000000000006,9868105782.871183
3767,0.2700000000000001,0.8800000000000006,9764645748.785732
3768,0.2800000000000001,0.8800000000000006,9658816903.09082
3769,0.2900000000000001,0.8800000000000006,9550565329.285126
3770,0.3000000000000001,0.8800000000000006,9439836508.554125
3771,0.3100000000000001,0.8800000000000006,9326575416.555206
3772,0.3200000000000001,0.8800000000000006,9210726634.609352
3773,0.3300000000000001,0.8800000000000006,9092234476.865314
3774,0.34000000000000014,0.8800000000000006,8971043135.159641
3775,0.35000000000000014,0.8800000000000006,8847096843.46897
3776,0.36000000000000015,0.8800000000000006,8720340064.04105
3777,0.37000000000000016,0.8800000000000006,8590717697.499807
3778,0.38000000000000017,0.8800000000000006,8458175319.449238
3779,0.3900000000000002,0.8800000000000006,8322659446.352902
3780,0.4000000000000002,0.8800000000000006,8184117833.742957
3781,0.4100000000000002,0.8800000000000006,8042499810.11676
3782,0.4200000000000002,0.8800000000000006,7897756650.213662
3783,0.4300000000000002,0.8800000000000006,7749841991.731871
3784,0.4400000000000002,0.8800000000000006,7598712299.949046
3785,0.45000000000000023,0.8800000000000006,7444327385.153942
3786,0.46000000000000024,0.8800000000000006,7286650978.283863
3787,0.47000000000000025,0.8800000000000006,7125651370.698414
3788,0.48000000000000026,0.8800000000000006,6961302124.608873
3789,0.49000000000000027,0.8800000000000006,6793582861.3294525
3790,0.5000000000000002,0.8800000000000006,6622480135.227926
3791,0.5100000000000002,0.8800000000000006,6447988402.034718
3792,0.5200000000000002,0.8800000000000006,6270111091.028665
3793,0.5300000000000002,0.8800000000000006,6088861791.562029
3794,0.5400000000000003,0.8800000000000006,5904265565.4255
3795,0.5500000000000003,0.8800000000000006,5716360397.694966
3796,0.5600000000000003,0.8800000000000006,5525198799.9566
3797,0.5700000000000003,0.8800000000000006,5330849581.185941
3798,0.5800000000000003,0.8800000000000006,5133399803.073278
3799,0.5900000000000003,0.8800000000000006,4932956938.254915
3800,0.6000000000000003,0.8800000000000006,4729651251.743474
3801,0.6100000000000003,0.8800000000000006,4523638427.866333
3802,0.6200000000000003,0.8800000000000006,4315102467.238499
3803,0.6300000000000003,0.8800000000000006,4104258880.7341995
3804,0.6400000000000003,0.8800000000000006,3891358210.1030817
3805,0.6500000000000004,0.8800000000000006,3676689907.8258924
3806,0.6600000000000004,0.8800000000000006,3460586612.0483284
3807,0.6700000000000004,0.8800000000000006,3243428855.99959
3808,0.6800000000000004,0.8800000000000006,3025650255.226763
3809,0.6900000000000004,0.8800000000000006,2807743220.293403
3810,0.7000000000000004,0.8800000000000006,2590265247.340019
3811,0.7100000000000004,0.8800000000000006,2373845844.1289296
3812,0.7200000000000004,0.8800000000000006,2159194154.944341
3813,0.7300000000000004,0.8800000000000006,1947107354.0427785
3814,0.7400000000000004,0.8800000000000006,1738479884.3075511
3815,0.7500000000000004,0.8800000000000006,1534313625.417416
3816,0.7600000000000005,0.8800000000000006,1335729084.264392
3817,0.7700000000000005,0.8800000000000006,1143977709.6262996
3818,0.7800000000000005,0.8800000000000006,960455443.3011577
3819,0.7900000000000005,0.8800000000000006,786717631.1370416
3820,0.8000000000000005,0.8800000000000006,624495429.7458053
3821,0.8100000000000005,0.8800000000000006,475713858.2857363
3822,0.8200000000000005,0.8800000000000006,342511659.66234773
3823,0.8300000000000005,0.8800000000000006,227263151.96585765
3824,0.8400000000000005,0.8800000000000006,132602269.09038687
3825,0.8500000000000005,0.8800000000000006,61449009.43071895
3826,0.8600000000000005,0.8800000000000006,17038533.511725254
3827,0.8700000000000006,0.8800000000000006,2953175.575832469
3828,0.01,0.8900000000000006,11882068821.350014
3829,0.02,0.8900000000000006,11824271419.224163
3830,0.03,0.8900000000000006,11765176617.040916
3831,0.04,0.8900000000000006,11704755491.465942
3832,0.05,0.8900000000000006,11642978221.738806
3833,0.060000000000000005,0.8900000000000006,11579814072.36302
3834,0.07,0.8900000000000006,11515231376.175436
3835,0.08,0.8900000000000006,11449197517.907486
3836,0.09,0.8900000000000006,11381678918.36406
3837,0.09999999999999999,0.8900000000000006,11312641019.360342
3838,0.10999999999999999,0.8900000000000006,11242048269.573128
3839,0.11999999999999998,0.8900000000000006,11169864111.480762
3840,0.12999999999999998,0.8900000000000006,11096050969.585518
3841,0.13999999999999999,0.8900000000000006,11020570240.13366
3842,0.15,0.8900000000000006,10943382282.572166
3843,0.16,0.8900000000000006,10864446413.007168
3844,0.17,0.8900000000000006,10783720899.957863
3845,0.18000000000000002,0.8900000000000006,10701162962.731224
3846,0.19000000000000003,0.8900000000000006,10616728772.777617
3847,0.20000000000000004,0.8900000000000006,10530373458.425495
3848,0.21000000000000005,0.8900000000000006,10442051113.43561
3849,0.22000000000000006,0.8900000000000006,10351714809.861065
3850,0.23000000000000007,0.8900000000000006,10259316615.75056
3851,0.24000000000000007,0.8900000000000006,10164807618.287922
3852,0.25000000000000006,0.8900000000000006,10068137953.022282
3853,0.26000000000000006,0.8900000000000006,9969256839.910927
3854,0.2700000000000001,0.8900000000000006,9868112626.970695
3855,0.2800000000000001,0.8900000000000006,9764652842.415495
3856,0.2900000000000001,0.8900000000000006,9658824256.246824
3857,0.3000000000000001,0.8900000000000006,9550572952.362665
3858,0.3100000000000001,0.8900000000000006,9439844412.358093
3859,0.3200000000000001,0.8900000000000006,9326583612.309694
3860,0.3300000000000001,0.8900000000000006,9210735133.966402
3861,0.34000000000000014,0.8900000000000006,9092243291.91258
3862,0.35000000000000014,0.8900000000000006,8971052278.426714
3863,0.36000000000000015,0.8900000000000006,8847106327.932096
3864,0.37000000000000016,0.8900000000000006,8720349903.125904
3865,0.38000000000000017,0.8900000000000006,8590727905.081947
3866,0.3900000000000002,0.8900000000000006,8458185909.851795
3867,0.4000000000000002,0.8900000000000006,8322670434.341054
3868,0.4100000000000002,0.8900000000000006,8184129234.514572
3869,0.4200000000000002,0.8900000000000006,8042511639.28863
3870,0.4300000000000002,0.8900000000000006,7897768923.802521
3871,0.4400000000000002,0.8900000000000006,7749854726.129435
3872,0.45000000000000023,0.8900000000000006,7598725511.890098
3873,0.46000000000000024,0.8900000000000006,7444341091.676384
3874,0.47000000000000025,0.8900000000000006,7286665196.679513
3875,0.48000000000000026,0.8900000000000006,7125666118.453161
3876,0.49000000000000027,0.8900000000000006,6961317419.330615
3877,0.5000000000000002,0.8900000000000006,6793598720.662012
3878,0.5100000000000002,0.8900000000000006,6622496576.748924
3879,0.5200000000000002,0.8900000000000006,6448005443.135088
3880,0.5300000000000002,0.8900000000000006,6270128748.7712
3881,0.5400000000000003,0.8900000000000006,6088880082.516006
3882,0.5500000000000003,0.8900000000000006,5904284505.473983
3883,0.5600000000000003,0.8900000000000006,5716380001.811021
3884,0.5700000000000003,0.8900000000000006,5525219081.944098
3885,0.5800000000000003,0.8900000000000006,5330870553.380055
3886,0.5900000000000003,0.8900000000000006,5133421475.99514
3887,0.6000000000000003,0.8900000000000006,4932979320.214171
3888,0.6100000000000003,0.8900000000000006,4729674348.381641
3889,0.6200000000000003,0.8900000000000006,4523662241.632928
3890,0.6300000000000003,0.8900000000000006,4315126996.790823
3891,0.6400000000000003,0.8900000000000006,4104284120.250516
3892,0.6500000000000004,0.8900000000000006,3891384148.4974823
3893,0.6600000000000004,0.8900000000000006,3676716527.851695
3894,0.6700000000000004,0.8900000000000006,3460613889.275036
3895,0.6800000000000004,0.8900000000000006,3243456757.646502
3896,0.6900000000000004,0.8900000000000006,3025678738.8340898
3897,0.7000000000000004,0.8900000000000006,2807772232.2092023
3898,0.7100000000000004,0.8900000000000006,2590294720.9983892
3899,0.7200000000000004,0.8900000000000006,2373875698.0916715
3900,0.7300000000000004,0.8900000000000006,2159224290.6746087
3901,0.7400000000000004,0.8900000000000006,1947137653.3750658
3902,0.7500000000000004,0.8900000000000006,1738510206.5736525
3903,0.7600000000000005,0.8900000000000006,1534343804.1826162
3904,0.7700000000000005,0.8900000000000006,1335758923.6221104
3905,0.7800000000000005,0.8900000000000006,1144006979.992493
3906,0.7900000000000005,0.8900000000000006,960483876.642009
3907,0.8000000000000005,0.8900000000000006,786744915.5546287
3908,0.8100000000000005,0.8900000000000006,624521203.3363701
3909,0.8200000000000005,0.8900000000000006,475737702.1738125
3910,0.8300000000000005,0.8900000000000006,342533090.10113376
3911,0.8400000000000005,0.8900000000000006,227281611.37948656
3912,0.8500000000000005,0.8900000000000006,132617115.91721064
3913,0.8600000000000005,0.8900000000000006,61459506.607804805
3914,0.8700000000000006,0.8900000000000006,17043835.419335477
3915,0.8800000000000006,0.8900000000000006,2952313.2363873567
3916,0.01,0.9000000000000006,11938599626.276613
3917,0.02,0.9000000000000006,11882071672.193848
3918,0.03,0.9000000000000006,11824274364.791956
3919,0.04,0.9000000000000006,11765179660.714602
3920,0.05,0.9000000000000006,11704758636.774479
3921,0.060000000000000005,0.9000000000000006,11642981472.364769
3922,0.07,0.9000000000000006,11579817432.149471
3923,0.08,0.9000000000000006,11515234849.133087
3924,0.09,0.9000000000000006,11449201108.222143
3925,0.09999999999999999,0.9000000000000006,11381682630.40436
3926,0.10999999999999999,0.9000000000000006,11312644857.685797
3927,0.11999999999999998,0.9000000000000006,11242052238.942457
3928,0.12999999999999998,0.9000000000000006,11169868216.860548
3929,0.13999999999999999,0.9000000000000006,11096055216.159168
3930,0.15,0.9000000000000006,11020574633.310667
3931,0.16,0.9000000000000006,10943386827.99768
3932,0.17,0.9000000000000006,10864451116.571884
3933,0.18000000000000002,0.9000000000000006,10783725767.808174
3934,0.19000000000000003,0.9000000000000006,10701168001.2797
3935,0.20000000000000004,0.9000000000000006,10616733988.713701
3936,0.21000000000000005,0.9000000000000006,10530378858.726511
3937,0.22000000000000006,0.9000000000000006,10442056705.377954
3938,0.23000000000000007,0.9000000000000006,10351720601.03161
3939,0.24000000000000007,0.9000000000000006,10259322614.058228
3940,0.25000000000000006,0.9000000000000006,10164813831.975363
3941,0.26000000000000006,0.9000000000000006,10068144390.677635
3942,0.2700000000000001,0.9000000000000006,9969263510.47956
3943,0.2800000000000001,0.9000000000000006,9868119539.766897
3944,0.2900000000000001,0.9000000000000006,9764660007.133987
3945,0.3000000000000001,0.9000000000000006,9658831682.974022
3946,0.3100000000000001,0.9000000000000006,9550580651.587542
3947,0.3200000000000001,0.9000000000000006,9439852394.982527
3948,0.3300000000000001,0.9000000000000006,9326591889.658123
3949,0.34000000000000014,0.9000000000000006,9210743717.79461
3950,0.35000000000000014,0.9000000000000006,9092252194.415363
3951,0.36000000000000015,0.9000000000000006,8971061512.24424
3952,0.37000000000000016,0.9000000000000006,8847115906.154594
3953,0.38000000000000017,0.9000000000000006,8720359839.296413
3954,0.3900000000000002,0.9000000000000006,8590738213.1967
3955,0.4000000000000002,0.9000000000000006,8458196604.3578415
3956,0.4100000000000002,0.9000000000000006,8322681530.130606
3957,0.4200000000000002,0.9000000000000006,8184140746.915503
3958,0.4300000000000002,0.9000000000000006,8042523584.050478
3959,0.4400000000000002,0.9000000000000006,7897781317.0772915
3960,0.45000000000000023,0.9000000000000006,7749867584.446319
3961,0.46000000000000024,0.9000000000000006,7598738852.12318
3962,0.47000000000000025,0.9000000000000006,7444354931.004254
3963,0.48000000000000026,0.9000000000000006,7286679552.535514
3964,0.49000000000000027,0.9000000000000006,7125681008.464924
3965,0.5000000000000002,0.9000000000000006,6961332861.247242
3966,0.5100000000000002,0.9000000000000006,6793614732.267132
3967,0.5200000000000002,0.9000000000000006,6622513175.757542
3968,0.5300000000000002,0.9000000000000006,6448022647.071935
3969,0.5400000000000003,0.9000000000000006,6270146574.8279085
3970,0.5500000000000003,0.9000000000000006,6088898547.384159
3971,0.5600000000000003,0.9000000000000006,5904303625.150611
3972,0.5700000000000003,0.9000000000000006,5716399791.372765
3973,0.5800000000000003,0.9000000000000006,5525239555.285598
3974,0.5900000000000003,0.9000000000000006,5330891722.91175
3975,0.6000000000000003,0.9000000000000006,5133443352.294802
3976,0.6100000000000003,0.9000000000000006,4933001911.625931
3977,0.6200000000000003,0.9000000000000006,4729697660.555299
3978,0.6300000000000003,0.9000000000000006,4523686276.995486
3979,0.6400000000000003,0.9000000000000006,4315151753.941063
3980,0.6500000000000004,0.9000000000000006,4104309593.266223
3981,0.6600000000000004,0.9000000000000006,3891410326.143606
3982,0.6700000000000004,0.9000000000000006,3676743392.6760983
3983,0.6800000000000004,0.9000000000000006,3460641416.5768166
3984,0.6900000000000004,0.9000000000000006,3243484914.299822
3985,0.7000000000000004,0.9000000000000006,3025707481.9481997
3986,0.7100000000000004,0.9000000000000006,2807801507.6028466
3987,0.7200000000000004,0.9000000000000006,2590324461.4638224
3988,0.7300000000000004,0.9000000000000006,2373905821.420312
3989,0.7400000000000004,0.9000000000000006,2159254697.4125776
3990,0.7500000000000004,0.9000000000000006,1947168224.2727385
3991,0.7600000000000005,0.9000000000000006,1738540799.688522
3992,0.7700000000000005,0.9000000000000006,1534374251.5894346
3993,0.7800000000000005,0.9000000000000006,1335789027.678105
3994,0.7900000000000005,0.9000000000000006,1144036509.098577
3995,0.8000000000000005,0.9000000000000006,960512560.4330297
3996,0.8100000000000005,0.9000000000000006,786772439.4427726
3997,0.8200000000000005,0.9000000000000006,624547202.3217785
3998,0.8300000000000005,0.9000000000000006,475761753.82497394
3999,0.8400000000000005,0.9000000000000006,342554706.5946172
4000,0.8500000000000005,0.9000000000000006,227300230.47388348
4001,0.8600000000000005,0.9000000000000006,132632090.71933791
4002,0.8700000000000006,0.9000000000000006,61470093.97028208
4003,0.8800000000000006,0.9000000000000006,17049182.787086718
4004,0.8900000000000006,0.9000000000000006,2951443.735113617
4005,0.01,0.9100000000000006,11993888106.918905
4006,0.02,0.9100000000000006,11938602414.102009
4007,0.03,0.9100000000000006,11882074552.405579
4008,0.04,0.9100000000000006,11824277340.662376
4009,0.05,0.9100000000000006,11765182735.658068
4010,0.060000000000000005,0.9100000000000006,11704761814.353708
4011,0.07,0.9100000000000006,11642984756.297512
4012,0.08,0.9100000000000006,11579820826.315445
4013,0.09,0.9100000000000006,11515238357.581186
4014,0.09999999999999999,0.9100000000000006,11449204735.177948
4015,0.10999999999999999,0.9100000000000006,11381686380.277935
4016,0.11999999999999998,0.9100000000000006,11312648735.079811
4017,0.12999999999999998,0.9100000000000006,11242056248.660572
4018,0.13999999999999999,0.9100000000000006,11169872363.916151
4019,0.15,0.9100000000000006,11096059505.784397
4020,0.16,0.9100000000000006,11020579070.965757
4021,0.17,0.9100000000000006,10943391419.38061
4022,0.18000000000000002,0.9100000000000006,10864455867.628317
4023,0.19000000000000003,0.9100000000000006,10783730684.74173
4024,0.20000000000000004,0.9100000000000006,10701173090.56247
4025,0.21000000000000005,0.9100000000000006,10616739257.097075
4026,0.22000000000000006,0.9100000000000006,10530384313.252228
4027,0.23000000000000007,0.9100000000000006,10442062353.389385
4028,0.24000000000000007,0.9100000000000006,10351726450.18526
4029,0.25000000000000006,0.9100000000000006,10259328672.335382
4030,0.26000000000000006,0.9100000000000006,10164820107.693851
4031,0.2700000000000001,0.9100000000000006,10068150892.503666
4032,0.2800000000000001,0.9100000000000006,9969270247.439556
4033,0.2900000000000001,0.9100000000000006,9868126521.259245
4034,0.3000000000000001,0.9100000000000006,9764667242.94064
4035,0.3100000000000001,0.9100000000000006,9658839183.271809
4036,0.3200000000000001,0.9100000000000006,9550588426.959118
4037,0.3300000000000001,0.9100000000000006,9439860456.42675
4038,0.34000000000000014,0.9100000000000006,9326600248.599785
4039,0.35000000000000014,0.9100000000000006,9210752386.093224
4040,0.36000000000000015,0.9100000000000006,9092261184.372879
4041,0.37000000000000016,0.9100000000000006,8971070836.611393
4042,0.38000000000000017,0.9100000000000006,8847125578.135597
4043,0.3900000000000002,0.9100000000000006,8720369872.551655
4044,0.4000000000000002,0.9100000000000006,8590748621.843098
4045,0.4100000000000002,0.9100000000000006,8458207402.96636
4046,0.4200000000000002,0.9100000000000006,8322692733.7204895
4047,0.4300000000000002,0.9100000000000006,8184152370.944616
4048,0.4400000000000002,0.9100000000000006,8042535644.401117
4049,0.45000000000000023,0.9100000000000006,7897793830.036732
4050,0.46000000000000024,0.9100000000000006,7749880566.681218
4051,0.47000000000000025,0.9100000000000006,7598752320.646929
4052,0.48000000000000026,0.9100000000000006,7444368903.136114
4053,0.49000000000000027,0.9100000000000006,7286694045.850353
4054,0.5000000000000002,0.9100000000000006,7125696040.732114
4055,0.5100000000000002,0.9100000000000006,6961348450.357092
4056,0.5200000000000002,0.9100000000000006,6793630896.143068
4057,0.5300000000000002,0.9100000000000006,6622529932.251965
4058,0.5400000000000003,0.9100000000000006,6448040013.843362
4059,0.5500000000000003,0.9100000000000006,6270164569.19681
4060,0.5600000000000003,0.9100000000000006,6088917186.164422
4061,0.5700000000000003,0.9100000000000006,5904322924.453253
4062,0.5800000000000003,0.9100000000000006,5716419766.377974
4063,0.5900000000000003,0.9100000000000006,5525260219.978802
4064,0.6000000000000003,0.9100000000000006,5330913089.778646
4065,0.6100000000000003,0.9100000000000006,5133465431.969818
4066,0.6200000000000003,0.9100000000000006,4933024712.487684
4067,0.6300000000000003,0.9100000000000006,4729721188.261881
4068,0.6400000000000003,0.9100000000000006,4523710533.951402
4069,0.6500000000000004,0.9100000000000006,4315176738.686575
4070,0.6600000000000004,0.9100000000000006,4104335299.778664
4071,0.6700000000000004,0.9100000000000006,3891436743.0387936
4072,0.6800000000000004,0.9100000000000006,3676770502.2964697
4073,0.6900000000000004,0.9100000000000006,3460669193.951107
4074,0.7000000000000004,0.9100000000000006,3243513325.957081
4075,0.7100000000000004,0.9100000000000006,3025736484.566765
4076,0.7200000000000004,0.9100000000000006,2807831046.4721975
4077,0.7300000000000004,0.9100000000000006,2590354468.734441
4078,0.7400000000000004,0.9100000000000006,2373936214.1132994
4079,0.7500000000000004,0.9100000000000006,2159285375.1571116
4080,0.7600000000000005,0.9100000000000006,1947199066.7351718
4081,0.7700000000000005,0.9100000000000006,1738571663.6521754
4082,0.7800000000000005,0.9100000000000006,1534404967.6386588
4083,0.7900000000000005,0.9100000000000006,1335819396.4340992
4084,0.8000000000000005,0.9100000000000006,1144066296.9474132
4085,0.8100000000000005,0.9100000000000006,960541494.6784366
4086,0.8200000000000005,0.9100000000000006,786800202.8073114
4087,0.8300000000000005,0.9100000000000006,624573426.7097967
4088,0.8400000000000005,0.9100000000000006,475786013.2492635
4089,0.8500000000000005,0.9100000000000006,342576509.1555457
4090,0.8600000000000005,0.9100000000000006,227319009.26498252
4091,0.8700000000000006,0.9100000000000006,132647193.51644388
4092,0.8800000000000006,0.9100000000000006,61480771.5422257
4093,0.8900000000000006,0.9100000000000006,17054575.644212298
4094,0.9000000000000006,0.9100000000000006,2950567.1072830404
4095,0.01,0.9200000000000006,12047960606.94076
4096,0.02,0.9200000000000006,11993890833.084803
4097,0.03,0.9200000000000006,11938605230.391521
4098,0.04,0.9200000000000006,11882077461.985052
4099,0.05,0.9200000000000006,11824280346.83528
4100,0.060000000000000005,0.9200000000000006,11765185841.871147
4101,0.07,0.9200000000000006,11704765024.20345
4102,0.08,0.9200000000000006,11642988073.53685
4103,0.09,0.9200000000000006,11579824254.860744
4104,0.09999999999999999,0.9200000000000006,11515241901.519524
4105,0.10999999999999999,0.9200000000000006,11449208398.774681
4106,0.11999999999999998,0.9200000000000006,11381690167.984566
4107,0.12999999999999998,0.9200000000000006,11312652651.542149
4108,0.13999999999999999,0.9200000000000006,11242060298.727226
4109,0.15,0.9200000000000006,11169876552.647314
4110,0.16,0.9200000000000006,11096063838.460943
4111,0.17,0.9200000000000006,11020583553.098654
4112,0.18000000000000002,0.9200000000000006,10943396056.720652
4113,0.19000000000000003,0.9200000000000006,10864460666.176153
4114,0.20000000000000004,0.9200000000000006,10783735650.758194
4115,0.21000000000000005,0.9200000000000006,10701178230.579193
4116,0.22000000000000006,0.9200000000000006,10616744577.927376
4117,0.23000000000000007,0.9200000000000006,10530389822.002254
4118,0.24000000000000007,0.9200000000000006,10442068057.469498
4119,0.25000000000000006,0.9200000000000006,10351732357.321592
4120,0.26000000000000006,0.9200000000000006,10259334790.581577
4121,0.2700000000000001,0.9200000000000006,10164826445.442917
4122,0.2800000000000001,0.9200000000000006,10068157458.499884
4123,0.2900000000000001,0.9200000000000006,9969277050.79039
4124,0.3000000000000001,0.9200000000000006,9868133571.447191
4125,0.3100000000000001,0.9200000000000006,9764674549.83487
4126,0.3200000000000001,0.9200000000000006,9658846757.139576
4127,0.3300000000000001,0.9200000000000006,9550596278.476746
4128,0.34000000000000014,0.9200000000000006,9439868596.690096
4129,0.35000000000000014,0.9200000000000006,9326608689.133968
4130,0.36000000000000015,0.9200000000000006,9210761138.86149
4131,0.37000000000000016,0.9200000000000006,9092270261.784336
4132,0.38000000000000017,0.9200000000000006,8971080251.52734
4133,0.3900000000000002,0.9200000000000006,8847135343.874222
4134,0.4000000000000002,0.9200000000000006,8720380002.890709
4135,0.4100000000000002,0.9200000000000006,8590759131.020168
4136,0.4200000000000002,0.9200000000000006,8458218305.676329
4137,0.4300000000000002,0.9200000000000006,8322704045.109627
4138,0.4400000000000002,0.9200000000000006,8184164106.600779
4139,0.45000000000000023,0.9200000000000006,8042547820.339358
4140,0.46000000000000024,0.9200000000000006,7897806462.679584
4141,0.47000000000000025,0.9200000000000006,7749893672.832817
4142,0.48000000000000026,0.9200000000000006,7598765917.459953
4143,0.49000000000000027,0.9200000000000006,7444383008.070507
4144,0.5000000000000002,0.9200000000000006,7286708676.622509
4145,0.5100000000000002,0.9200000000000006,7125711215.253132
4146,0.5200000000000002,0.9200000000000006,6961364186.658487
4147,0.5300000000000002,0.9200000000000006,6793647212.288077
4148,0.5400000000000003,0.9200000000000006,6622546846.23036
4149,0.5500000000000003,0.9200000000000006,6448057543.447455
4150,0.5600000000000003,0.9200000000000006,6270182731.875906
4151,0.5700000000000003,0.9200000000000006,6088935998.854722
4152,0.5800000000000003,0.9200000000000006,5904342403.379738
4153,0.5900000000000003,0.9200000000000006,5716439926.824409
4154,0.6000000000000003,0.9200000000000006,5525281076.021385
4155,0.6100000000000003,0.9200000000000006,5330934653.978348
4156,0.6200000000000003,0.9200000000000006,5133487715.017719
4157,0.6300000000000003,0.9200000000000006,4933047722.796898
4158,0.6400000000000003,0.9200000000000006,4729744931.498797
4159,0.6500000000000004,0.9200000000000006,4523735012.498036
4160,0.6600000000000004,0.9200000000000006,4315201951.024691
4161,0.6700000000000004,0.9200000000000006,4104361239.7851534
4162,0.6800000000000004,0.9200000000000006,3891463399.18037
4163,0.6900000000000004,0.9200000000000006,3676797856.71017
4164,0.7000000000000004,0.9200000000000006,3460697221.395318
4165,0.7100000000000004,0.9200000000000006,3243541992.6157885
4166,0.7200000000000004,0.9200000000000006,3025765746.6874347
4167,0.7300000000000004,0.9200000000000006,2807860848.8151054
4168,0.7400000000000004,0.9200000000000006,2590384742.8083467
4169,0.7500000000000004,0.9200000000000006,2373966876.169064
4170,0.7600000000000005,0.9200000000000006,2159316323.9070582
4171,0.7700000000000005,0.9200000000000006,1947230180.7617364
4172,0.7800000000000005,0.9200000000000006,1738602798.4646163
4173,0.7900000000000005,0.9200000000000006,1534435952.3310814
4174,0.8000000000000005,0.9200000000000006,1335850029.8918378
4175,0.8100000000000005,0.9200000000000006,1144096343.5418854
4176,0.8200000000000005,0.9200000000000006,960570679.3824863
4177,0.8300000000000005,0.9200000000000006,786828205.6541319
4178,0.8400000000000005,0.9200000000000006,624599876.5082606
4179,0.8500000000000005,0.9200000000000006,475810480.4568211
4180,0.8600000000000005,0.9200000000000006,342598497.79678094
4181,0.8700000000000006,0.9200000000000006,227337947.76885283
4182,0.8800000000000006,0.9200000000000006,132662424.32837686
4183,0.8900000000000006,0.9200000000000006,61491539.34791912
4184,0.9000000000000006,0.9200000000000006,17060014.020196676
4185,0.9100000000000006,0.9200000000000006,2949683.388468732
4186,0.01,0.9300000000000006,12100842643.432306
4187,0.02,0.9300000000000006,12047963272.763256
4188,0.03,0.9300000000000006,11993893586.840893
4189,0.04,0.9300000000000006,11938608075.145
4190,0.05,0.9300000000000006,11882080400.932121
4191,0.060000000000000005,0.9300000000000006,11824283383.310495
4192,0.07,0.9300000000000006,11765188979.35367
4193,0.08,0.9300000000000006,11704768266.323532
4194,0.09,0.9300000000000006,11642991424.0826
4195,0.09999999999999999,0.9300000000000006,11579827717.78518
4196,0.10999999999999999,0.9300000000000006,11515245480.947903
4197,0.11999999999999998,0.9300000000000006,11449212099.01213
4198,0.12999999999999998,0.9300000000000006,11381693993.524021
4199,0.13999999999999999,0.9300000000000006,11312656607.072575
4200,0.15,0.9300000000000006,11242064389.142176
4201,0.16,0.9300000000000006,11169880783.053778
4202,0.17,0.9300000000000006,11096068214.188522
4203,0.18000000000000002,0.9300000000000006,11020588079.709064
4204,0.19000000000000003,0.9300000000000006,10943400740.01751
4205,0.20000000000000004,0.9300000000000006,10864465512.21508
4206,0.21000000000000005,0.9300000000000006,10783740665.857237
4207,0.22000000000000006,0.9300000000000006,10701183421.329515
4208,0.23000000000000007,0.9300000000000006,10616749951.20423
4209,0.24000000000000007,0.9300000000000006,10530395384.976206
4210,0.25000000000000006,0.9300000000000006,10442073817.617884
4211,0.26000000000000006,0.9300000000000006,10351738322.44017
4212,0.2700000000000001,0.9300000000000006,10259340968.79636
4213,0.2800000000000001,0.9300000000000006,10164832845.222078
4214,0.2900000000000001,0.9300000000000006,10068164088.66578
4215,0.3000000000000001,0.9300000000000006,9969283920.531536
4216,0.3100000000000001,0.9300000000000006,9868140690.330173
4217,0.3200000000000001,0.9300000000000006,9764681927.816086
4218,0.3300000000000001,0.9300000000000006,9658854404.576702
4219,0.34000000000000014,0.9300000000000006,9550604206.139782
4220,0.35000000000000014,0.9300000000000006,9439876815.77187
4221,0.36000000000000015,0.9300000000000006,9326617211.259949
4222,0.37000000000000016,0.9300000000000006,9210769976.09866
4223,0.38000000000000017,0.9300000000000006,9092279426.648935
4224,0.3900000000000002,0.9300000000000006,8971089756.991238
4225,0.4000000000000002,0.9300000000000006,8847145203.369587
4226,0.4100000000000002,0.9300000000000006,8720390230.312637
4227,0.4200000000000002,0.9300000000000006,8590769740.726929
4228,0.4300000000000002,0.9300000000000006,8458229312.486709
4229,0.4400000000000002,0.9300000000000006,8322715464.296928
4230,0.45000000000000023,0.9300000000000006,8184175953.882847
4231,0.46000000000000024,0.9300000000000006,8042560111.863993
4232,0.47000000000000025,0.9300000000000006,7897819215.004585
4233,0.48000000000000026,0.9300000000000006,7749906902.899776
4234,0.49000000000000027,0.9300000000000006,7598779642.560856
4235,0.5000000000000002,0.9300000000000006,7444397245.805965
4236,0.5100000000000002,0.9300000000000006,7286723444.850437
4237,0.5200000000000002,0.9300000000000006,7125726532.026367
4238,0.5300000000000002,0.9300000000000006,6961380070.149742
4239,0.5400000000000003,0.9300000000000006,6793663680.70038
4240,0.5500000000000003,0.9300000000000006,6622563917.690876
4241,0.5600000000000003,0.9300000000000006,6448075235.88228
4242,0.5700000000000003,0.9300000000000006,6270201062.863184
4243,0.5800000000000003,0.9300000000000006,6088954985.452954
4244,0.5900000000000003,0.9300000000000006,5904362061.927889
4245,0.6000000000000003,0.9300000000000006,5716460272.709803
4246,0.6100000000000003,0.9300000000000006,5525302123.411005
4247,0.6200000000000003,0.9300000000000006,5330956415.508439
4248,0.6300000000000003,0.9300000000000006,5133510201.436015
4249,0.6400000000000003,0.9300000000000006,4933070942.551014
4250,0.6500000000000004,0.9300000000000006,4729768890.263435
4251,0.6600000000000004,0.9300000000000006,4523759712.6327305
4252,0.6700000000000004,0.9300000000000006,4315227390.952717
4253,0.6800000000000004,0.9300000000000006,4104387413.2829847
4254,0.6900000000000004,0.9300000000000006,3891490294.565631
4255,0.7000000000000004,0.9300000000000006,3676825455.9145226
4256,0.7100000000000004,0.9300000000000006,3460725498.9068413
4257,0.7200000000000004,0.9300000000000006,3243570914.2734394
4258,0.7300000000000004,0.9300000000000006,3025795268.3078465
4259,0.7400000000000004,0.9300000000000006,2807890914.6293917
4260,0.7500000000000004,0.9300000000000006,2590415283.683623
4261,0.7600000000000005,0.9300000000000006,2373997807.586027
4262,0.7700000000000005,0.9300000000000006,2159347543.661256
4263,0.7800000000000005,0.9300000000000006,1947261566.351798
4264,0.7900000000000005,0.9300000000000006,1738634204.125866
4265,0.8000000000000005,0.9300000000000006,1534467205.6675036
4266,0.8100000000000005,0.9300000000000006,1335880928.0530846
4267,0.8200000000000005,0.9300000000000006,1144126648.8849096
4268,0.8300000000000005,0.9300000000000006,960600114.5494727
4269,0.8400000000000005,0.9300000000000006,786856447.9891837
4270,0.8500000000000005,0.9300000000000006,624626551.7250714
4271,0.8600000000000005,0.9300000000000006,475835155.4578755
4272,0.8700000000000006,0.9300000000000006,342620672.5312954
4273,0.8800000000000006,0.9300000000000006,227357046.00170898
4274,0.8900000000000006,0.9300000000000006,132677783.17515692
4275,0.9000000000000006,0.9300000000000006,61502397.411855265
4276,0.9100000000000006,0.9300000000000006,17065497.94477525
4277,0.9200000000000006,0.9300000000000006,2948792.6145441784
4278,0.01,0.9400000000000006,12152558924.827385
4279,0.02,0.9400000000000006,12100845250.185621
4280,0.03,0.9400000000000006,12047965965.330673
4281,0.04,0.9400000000000006,11993896368.18703
4282,0.05,0.9400000000000006,11938610948.3623
4283,0.060000000000000005,0.9400000000000006,11882083369.246622
4284,0.07,0.9400000000000006,11824286450.08786
4285,0.08,0.9400000000000006,11765192148.105463
4286,0.09,0.9400000000000006,11704771540.713768
4287,0.09999999999999999,0.9400000000000006,11642994807.934566
4288,0.10999999999999999,0.9400000000000006,11579831215.088547
4289,0.11999999999999998,0.9400000000000006,11515249095.86611
4290,0.12999999999999998,0.9400000000000006,11449215835.89008
4291,0.13999999999999999,0.9400000000000006,11381697856.896072
4292,0.15,0.9400000000000006,11312660601.67085
4293,0.16,0.9400000000000006,11242068519.905163
4294,0.17,0.9400000000000006,11169885055.135273
4295,0.18000000000000002,0.9400000000000006,11096072632.966867
4296,0.19000000000000003,0.9400000000000006,11020592650.796703
4297,0.20000000000000004,0.9400000000000006,10943405469.270874
4298,0.21000000000000005,0.9400000000000006,10864470405.744774
4299,0.22000000000000006,0.9400000000000006,10783745730.038519
4300,0.23000000000000007,0.9400000000000006,10701188662.813084
4301,0.24000000000000007,0.9400000000000006,10616755376.927265
4302,0.25000000000000006,0.9400000000000006,10530401002.17369
4303,0.26000000000000006,0.9400000000000006,10442079633.834127
4304,0.2700000000000001,0.9400000000000006,10351744345.540567
4305,0.2800000000000001,0.9400000000000006,10259347206.979267
4306,0.2900000000000001,0.9400000000000006,10164839307.030857
4307,0.3000000000000001,0.9400000000000006,10068170783.000847
4308,0.3100000000000001,0.9400000000000006,9969290856.662458
4309,0.3200000000000001,0.9400000000000006,9868147877.907635
4310,0.3300000000000001,0.9400000000000006,9764689376.883707
4311,0.34000000000000014,0.9400000000000006,9658862125.58257
4312,0.35000000000000014,0.9400000000000006,9550612209.947561
4313,0.36000000000000015,0.9400000000000006,9439885113.671383
4314,0.37000000000000016,0.9400000000000006,9326625814.977
4315,0.38000000000000017,0.9400000000000006,9210778897.803955
4316,0.3900000000000002,0.9400000000000006,9092288678.965864
4317,0.4000000000000002,0.9400000000000006,8971099353.002237
4318,0.4100000000000002,0.9400000000000006,8847155156.620789
4319,0.4200000000000002,0.9400000000000006,8720400554.816498
4320,0.4300000000000002,0.9400000000000006,8590780450.962385
4321,0.4400000000000002,0.9400000000000006,8458240423.396456
4322,0.45000000000000023,0.9400000000000006,8322726991.281294
4323,0.46000000000000024,0.9400000000000006,8184187912.7896595
4324,0.47000000000000025,0.9400000000000006,8042572518.973804
4325,0.48000000000000026,0.9400000000000006,7897832087.010456
4326,0.49000000000000027,0.9400000000000006,7749920256.880761
4327,0.5000000000000002,0.9400000000000006,7598793495.948223
4328,0.5100000000000002,0.9400000000000006,7444411616.341007
4329,0.5200000000000002,0.9400000000000006,7286738350.532583
4330,0.5300000000000002,0.9400000000000006,7125741991.050183
4331,0.5400000000000003,0.9400000000000006,6961396100.829145
4332,0.5500000000000003,0.9400000000000006,6793680301.378195
4333,0.5600000000000003,0.9400000000000006,6622581146.631643
4334,0.5700000000000003,0.9400000000000006,6448093091.145891
4335,0.5800000000000003,0.9400000000000006,6270219562.156608
4336,0.5900000000000003,0.9400000000000006,6088974145.9570055
4337,0.6000000000000003,0.9400000000000006,5904381900.095504
4338,0.6100000000000003,0.9400000000000006,5716480804.031878
4339,0.6200000000000003,0.9400000000000006,5525323362.145299
4340,0.6300000000000003,0.9400000000000006,5330978374.36647
4341,0.6400000000000003,0.9400000000000006,5133532891.222192
4342,0.6500000000000004,0.9400000000000006,4933094371.7474575
4343,0.6600000000000004,0.9400000000000006,4729793064.55316
4344,0.6700000000000004,0.9400000000000006,4523784634.3527975
4345,0.6800000000000004,0.9400000000000006,4315253058.467937
4346,0.6900000000000004,0.9400000000000006,4104413820.2694225
4347,0.7000000000000004,0.9400000000000006,3891517429.1918516
4348,0.7100000000000004,0.9400000000000006,3676853299.9068346
4349,0.7200000000000004,0.9400000000000006,3460754026.4830413
4350,0.7300000000000004,0.9400000000000006,3243600090.927495
4351,0.7400000000000004,0.9400000000000006,3025825049.425609
4352,0.7500000000000004,0.9400000000000006,2807921243.9128723
4353,0.7600000000000005,0.9400000000000006,2590446091.3583426
4354,0.7700000000000005,0.9400000000000006,2374029008.3625994
4355,0.7800000000000005,0.9400000000000006,2159379034.418546
4356,0.7900000000000005,0.9400000000000006,1947293223.5047216
4357,0.8000000000000005,0.9400000000000006,1738665880.6359334
4358,0.8100000000000005,0.9400000000000006,1534498727.6487355
4359,0.8200000000000005,0.9400000000000006,1335912090.919608
4360,0.8300000000000005,0.9400000000000006,1144157212.9794254
4361,0.8400000000000005,0.9400000000000006,960629800.1837326
4362,0.8500000000000005,0.9400000000000006,786884929.8184583
4363,0.8600000000000005,0.9400000000000006,624653452.3682054
4364,0.8700000000000006,0.9400000000000006,475860038.26274526
4365,0.8800000000000006,0.9400000000000006,342643033.3721777
4366,0.8900000000000006,0.9400000000000006,227376303.97989702
4367,0.9000000000000006,0.9400000000000006,132693270.07697603
4368,0.9100000000000006,0.9400000000000006,61513345.75873396
4369,0.9200000000000006,0.9400000000000006,17071027.44793398
4370,0.9300000000000006,0.9400000000000006,2947894.8216840634
4371,0.01,0.9500000000000006,12203133368.740524
4372,0.02,0.9500000000000006,12152561473.744793
4373,0.03,0.9500000000000006,12100847882.866074
4374,0.04,0.9500000000000006,12047968684.642868
4375,0.05,0.9500000000000006,11993899177.123066
4376,0.060000000000000005,0.9500000000000006,11938613850.043266
4377,0.07,0.9500000000000006,11882086366.928402
4378,0.08,0.9500000000000006,11824289547.167213
4379,0.09,0.9500000000000006,11765195348.126358
4380,0.09999999999999999,0.9500000000000006,11704774847.373985
4381,0.10999999999999999,0.9500000000000006,11642998225.09257
4382,0.11999999999999998,0.9500000000000006,11579834746.770653
4383,0.12999999999999998,0.9500000000000006,11515252746.273941
4384,0.13999999999999999,0.9500000000000006,11449219609.408312
4385,0.15,0.9500000000000006,11381701758.100496
4386,0.16,0.9500000000000006,11312664635.336735
4387,0.17,0.9500000000000006,11242072691.015944
4388,0.18000000000000002,0.9500000000000006,11169889368.891539
4389,0.19000000000000003,0.9500000000000006,11096077094.795692
4390,0.20000000000000004,0.9500000000000006,11020597266.361273
4391,0.21000000000000005,0.9500000000000006,10943410244.480434
4392,0.22000000000000006,0.9500000000000006,10864475346.76491
4393,0.23000000000000007,0.9500000000000006,10783750843.301702
4394,0.24000000000000007,0.9500000000000006,10701193955.02954
4395,0.25000000000000006,0.9500000000000006,10616760855.096107
4396,0.26000000000000006,0.9500000000000006,10530406673.594309
4397,0.2700000000000001,0.9500000000000006,10442085506.117817
4398,0.2800000000000001,0.9500000000000006,10351750426.622337
4399,0.2900000000000001,0.9500000000000006,10259353505.129845
4400,0.3000000000000001,0.9500000000000006,10164845830.868763
4401,0.3100000000000001,0.9500000000000006,10068177541.504581
4402,0.3200000000000001,0.9500000000000006,9969297859.182617
4403,0.3300000000000001,0.9500000000000006,9868155134.179003
4404,0.34000000000000014,0.9500000000000006,9764696897.037128
4405,0.35000000000000014,0.9500000000000006,9658869920.156544
4406,0.36000000000000015,0.9500000000000006,9550620289.89943
4407,0.37000000000000016,0.9500000000000006,9439893490.387938
4408,0.38000000000000017,0.9500000000000006,9326634500.284382
4409,0.3900000000000002,0.9500000000000006,9210787903.976604
4410,0.4000000000000002,0.9500000000000006,9092298018.73431
4411,0.4100000000000002,0.9500000000000006,8971109039.559475
4412,0.4200000000000002,0.9500000000000006,8847165203.626926
4413,0.4300000000000002,0.9500000000000006,8720410976.40134
4414,0.4400000000000002,0.9500000000000006,8590791261.725534
4415,0.45000000000000023,0.9500000000000006,8458251638.404516
4416,0.46000000000000024,0.9500000000000006,8322738626.061611
4417,0.47000000000000025,0.9500000000000006,8184199983.320051
4418,0.48000000000000026,0.9500000000000006,8042585041.667567
4419,0.49000000000000027,0.9500000000000006,7897845078.6959
4420,0.5000000000000002,0.9500000000000006,7749933734.774409
4421,0.5100000000000002,0.9500000000000006,7598807477.620631
4422,0.5200000000000002,0.9500000000000006,7444426119.674132
4423,0.5300000000000002,0.9500000000000006,7286753393.667377
4424,0.5400000000000003,0.9500000000000006,7125757592.322939
4425,0.5500000000000003,0.9500000000000006,6961412278.694971
4426,0.5600000000000003,0.9500000000000006,6793697074.319716
4427,0.5700000000000003,0.9500000000000006,6622598533.050781
4428,0.5800000000000003,0.9500000000000006,6448111109.236316
4429,0.5900000000000003,0.9500000000000006,6270238229.754126
4430,0.6000000000000003,0.9500000000000006,6088993480.364737
4431,0.6100000000000003,0.9500000000000006,5904401917.880362
4432,0.6200000000000003,0.9500000000000006,5716501520.788325
4433,0.6300000000000003,0.9500000000000006,5525344792.221879
4434,0.6400000000000003,0.9500000000000006,5331000530.549989
4435,0.6500000000000004,0.9500000000000006,5133555784.373714
4436,0.6600000000000004,0.9500000000000006,4933118010.383621
4437,0.6700000000000004,0.9500000000000006,4729817454.365305
4438,0.6800000000000004,0.9500000000000006,4523809777.655537
4439,0.6900000000000004,0.9500000000000006,4315278953.5676155
4440,0.7000000000000004,0.9500000000000006,4104440460.741716
4441,0.7100000000000004,0.9500000000000006,3891544803.0562816
4442,0.7200000000000004,0.9500000000000006,3676881388.6843853
4443,0.7300000000000004,0.9500000000000006,3460782804.1212664
4444,0.7400000000000004,0.9500000000000006,3243629522.5754023
4445,0.7500000000000004,0.9500000000000006,3025855090.038314
4446,0.7600000000000005,0.9500000000000006,2807951836.6633377
4447,0.7700000000000005,0.9500000000000006,2590477165.830562
4448,0.7800000000000005,0.9500000000000006,2374060478.4971695
4449,0.7900000000000005,0.9500000000000006,2159410796.17775
4450,0.8000000000000005,0.9500000000000006,1947325152.2198625
4451,0.8100000000000005,0.9500000000000006,1738697827.9948356
4452,0.8200000000000005,0.9500000000000006,1534530518.2756028
4453,0.8300000000000005,0.9500000000000006,1335943518.4932075
4454,0.8400000000000005,0.9500000000000006,1144188035.8283982
4455,0.8500000000000005,0.9500000000000006,960659736.2896364
4456,0.8600000000000005,0.9500000000000006,786913651.14801
4457,0.8700000000000006,0.9500000000000006,624680578.4457068
4458,0.8800000000000006,0.9500000000000006,475885128.8818351
4459,0.8900000000000006,0.9500000000000006,342665580.33262587
4460,0.9000000000000006,0.9500000000000006,227395721.71991086
4461,0.9100000000000006,0.9500000000000006,132708885.05419312
4462,0.9200000000000006,0.9500000000000006,61524384.41346322
4463,0.9300000000000006,0.9500000000000006,17076602.55991
4464,0.9400000000000006,0.9500000000000006,2946990.0463635325
4465,0.01,0.9600000000000006,12252589119.674633
4466,0.02,0.9600000000000006,12203135861.015297
4467,0.03,0.9600000000000006,12152564047.797937
4468,0.04,0.9600000000000006,12100850541.473526
4469,0.05,0.9600000000000006,12047971430.6997
4470,0.060000000000000005,0.9600000000000006,11993902013.648865
4471,0.07,0.9600000000000006,11938616780.18775
4472,0.08,0.9600000000000006,11882089393.977297
4473,0.09,0.9600000000000006,11824292674.548382
4474,0.09999999999999999,0.9600000000000006,11765198579.416176
4475,0.10999999999999999,0.9600000000000006,11704778186.303991
4476,0.11999999999999998,0.9600000000000006,11643001675.556412
4477,0.12999999999999998,0.9600000000000006,11579838312.831295
4478,0.13999999999999999,0.9600000000000006,11515256432.17118
4479,0.15,0.9600000000000006,11449223419.566605
4480,0.16,0.9600000000000006,11381705697.137054
4481,0.17,0.9600000000000006,11312668708.069984
4482,0.18000000000000002,0.9600000000000006,11242076902.474257
4483,0.19000000000000003,0.9600000000000006,11169893724.32231
4484,0.20000000000000004,0.9600000000000006,11096081599.67472
4485,0.21000000000000005,0.9600000000000006,11020601926.402477
4486,0.22000000000000006,0.9600000000000006,10943415065.645887
4487,0.23000000000000007,0.9600000000000006,10864480335.275162
4488,0.24000000000000007,0.9600000000000006,10783756005.646439
4489,0.25000000000000006,0.9600000000000006,10701199297.978523
4490,0.26000000000000006,0.9600000000000006,10616766385.710373
4491,0.2700000000000001,0.9600000000000006,10530412399.237665
4492,0.2800000000000001,0.9600000000000006,10442091434.468527
4493,0.2900000000000001,0.9600000000000006,10351756565.685043
4494,0.3000000000000001,0.9600000000000006,10259359863.247622
4495,0.3100000000000001,0.9600000000000006,10164852416.735313
4496,0.3200000000000001,0.9600000000000006,10068184364.176458
4497,0.3300000000000001,0.9600000000000006,9969304928.091473
4498,0.34000000000000014,0.9600000000000006,9868162459.143707
4499,0.35000000000000014,0.9600000000000006,9764704488.275747
4500,0.36000000000000015,0.9600000000000006,9658877788.29799
4501,0.37000000000000016,0.9600000000000006,9550628445.994709
4502,0.38000000000000017,0.9600000000000006,9439901945.920828
4503,0.3900000000000002,0.9600000000000006,9326643267.181355
4504,0.4000000000000002,0.9600000000000006,9210796994.615824
4505,0.4100000000000002,0.9600000000000006,9092307445.95345
4506,0.4200000000000002,0.9600000000000006,8971118816.662085
4507,0.4300000000000002,0.9600000000000006,8847175344.387087
4508,0.4400000000000002,0.9600000000000006,8720421495.066196
4509,0.45000000000000023,0.9600000000000006,8590802173.015362
4510,0.46000000000000024,0.9600000000000006,8458262957.509819
4511,0.47000000000000025,0.9600000000000006,8322750368.636759
4512,0.48000000000000026,0.9600000000000006,8184212165.472841
4513,0.49000000000000027,0.9600000000000006,8042597679.9440365
4514,0.5000000000000002,0.9600000000000006,7897858190.059615
4515,0.5100000000000002,0.9600000000000006,7749947336.579348
4516,0.5200000000000002,0.9600000000000006,7598821587.576639
4517,0.5300000000000002,0.9600000000000006,7444440755.803837
4518,0.5400000000000003,0.9600000000000006,7286768574.253235
4519,0.5500000000000003,0.9600000000000006,7125773335.842974
4520,0.5600000000000003,0.9600000000000006,6961428603.745485
4521,0.5700000000000003,0.9600000000000006,6793713999.523125
4522,0.5800000000000003,0.9600000000000006,6622616076.946382
4523,0.5900000000000003,0.9600000000000006,6448129290.151568
4524,0.6000000000000003,0.9600000000000006,6270257065.653664
4525,0.6100000000000003,0.9600000000000006,6089012988.673992
4526,0.6200000000000003,0.9600000000000006,5904422115.280218
4527,0.6300000000000003,0.9600000000000006,5716522422.976822
4528,0.6400000000000003,0.9600000000000006,5525366413.638342
4529,0.6500000000000004,0.9600000000000006,5331022884.056498
4530,0.6600000000000004,0.9600000000000006,5133578880.888019
4531,0.6700000000000004,0.9600000000000006,4933141858.456881
4532,0.6800000000000004,0.9600000000000006,4729842059.697192
4533,0.6900000000000004,0.9600000000000006,4523835142.538213
4534,0.7000000000000004,0.9600000000000006,4315305076.248983
4535,0.7100000000000004,0.9600000000000006,4104467334.6970873
4536,0.7200000000000004,0.9600000000000006,3891572416.1561456
4537,0.7300000000000004,0.9600000000000006,3676909722.2444377
4538,0.7400000000000004,0.9600000000000006,3460811831.81884
4539,0.7500000000000004,0.9600000000000006,3243659209.2145863
4540,0.7600000000000005,0.9600000000000006,3025885390.1435323
4541,0.7700000000000005,0.9600000000000006,2807982692.878561
4542,0.7800000000000005,0.9600000000000006,2590508507.0983214
4543,0.7900000000000005,0.9600000000000006,2374092217.988128
4544,0.8000000000000005,0.9600000000000006,2159442828.9376774
4545,0.8100000000000005,0.9600000000000006,1947357352.4965773
4546,0.8200000000000005,0.9600000000000006,1738730046.2025967
4547,0.8300000000000005,0.9600000000000006,1534562577.5489316
4548,0.8400000000000005,0.9600000000000006,1335975210.775697
4549,0.8500000000000005,0.9600000000000006,1144219117.4348242
4550,0.8600000000000005,0.9600000000000006,960689922.871597
4551,0.8700000000000006,0.9600000000000006,786942611.9839435
4552,0.8800000000000006,0.9600000000000006,624707929.965692
4553,0.8900000000000006,0.9600000000000006,475910427.32564473
4554,0.9000000000000006,0.9600000000000006,342688313.42595303
4555,0.9100000000000006,0.9600000000000006,227415299.23837864
4556,0.9200000000000006,0.9600000000000006,132724628.12734483
4557,0.9300000000000006,0.9600000000000006,61535513.401158705
4558,0.9400000000000006,0.9600000000000006,17082223.31119193
4559,0.9500000000000006,0.9600000000000006,2946078.325358513
4560,0.01,0.9700000000000006,12300948566.556452
4561,0.02,0.9700000000000006,12252591556.460987
4562,0.03,0.9700000000000006,12203138377.659725
4563,0.04,0.9700000000000006,12152566646.98669
4564,0.05,0.9700000000000006,12100853226.00785
4565,0.060000000000000005,0.9700000000000006,12047974203.501036
4566,0.07,0.9700000000000006,11993904877.764273
4567,0.08,0.9700000000000006,11938619738.795593
4568,0.09,0.9700000000000006,11882092450.393152
4569,0.09999999999999999,0.9700000000000006,11824295832.231205
4570,0.10999999999999999,0.9700000000000006,11765201841.974741
4571,0.11999999999999998,0.9700000000000006,11704781557.503609
4572,0.12999999999999998,0.9700000000000006,11643005159.325901
4573,0.13999999999999999,0.9700000000000006,11579841913.270271
4574,0.15,0.9700000000000006,11515260153.557625
4575,0.16,0.9700000000000006,11449227266.364733
4576,0.17,0.9700000000000006,11381709674.00552
4577,0.18000000000000002,0.9700000000000006,11312672819.870356
4578,0.19000000000000003,0.9700000000000006,11242081154.279846
4579,0.20000000000000004,0.9700000000000006,11169898121.427307
4580,0.21000000000000005,0.9700000000000006,11096086147.603662
4581,0.22000000000000006,0.9700000000000006,11020606630.92002
4582,0.23000000000000007,0.9700000000000006,10943419932.766914
4583,0.24000000000000007,0.9700000000000006,10864485371.2752
4584,0.25000000000000006,0.9700000000000006,10783761217.072388
4585,0.26000000000000006,0.9700000000000006,10701204691.659662
4586,0.2700000000000001,0.9700000000000006,10616771968.76968
4587,0.2800000000000001,0.9700000000000006,10530418179.103348
4588,0.2900000000000001,0.9700000000000006,10442097418.88583
4589,0.3000000000000001,0.9700000000000006,10351762762.728231
4590,0.3100000000000001,0.9700000000000006,10259366281.332127
4591,0.3200000000000001,0.9700000000000006,10164859064.630005
4592,0.3300000000000001,0.9700000000000006,10068191251.015957
4593,0.34000000000000014,0.9700000000000006,9969312063.388466
4594,0.35000000000000014,0.9700000000000006,9868169852.80117
4595,0.36000000000000015,0.9700000000000006,9764712150.598955
4596,0.37000000000000016,0.9700000000000006,9658885730.006268
4597,0.38000000000000017,0.9700000000000006,9550636678.232727
4598,0.3900000000000002,0.9700000000000006,9439910480.26934
4599,0.4000000000000002,0.9700000000000006,9326652115.667171
4600,0.4100000000000002,0.9700000000000006,9210806169.720829
4601,0.4200000000000002,0.9700000000000006,9092316960.622448
4602,0.4300000000000002,0.9700000000000006,8971128684.309193
4603,0.4400000000000002,0.9700000000000006,8847185578.900345
4604,0.45000000000000023,0.9700000000000006,8720432110.8101
4605,0.46000000000000024,0.9700000000000006,8590813184.830849
4606,0.47000000000000025,0.9700000000000006,8458274380.711294
4607,0.48000000000000026,0.9700000000000006,8322762219.005607
4608,0.49000000000000027,0.9700000000000006,8184224459.246838
4609,0.5000000000000002,0.9700000000000006,8042610433.80196
4610,0.5100000000000002,0.9700000000000006,7897871421.1002865
4611,0.5200000000000002,0.9700000000000006,7749961062.294196
4612,0.5300000000000002,0.9700000000000006,7598835825.814793
4613,0.5400000000000003,0.9700000000000006,7444455524.728589
4614,0.5500000000000003,0.9700000000000006,7286783892.288557
4615,0.5600000000000003,0.9700000000000006,7125789221.608604
4616,0.5700000000000003,0.9700000000000006,6961445075.978929
4617,0.5800000000000003,0.9700000000000006,6793731076.986581
4618,0.5900000000000003,0.9700000000000006,6622633778.316526
4619,0.6000000000000003,0.9700000000000006,6448147633.889643
4620,0.6100000000000003,0.9700000000000006,6270276069.853134
4621,0.6200000000000003,0.9700000000000006,6089032670.882594
4622,0.6300000000000003,0.9700000000000006,5904442492.292815
4623,0.6400000000000003,0.9700000000000006,5716543510.595014
4624,0.6500000000000004,0.9700000000000006,5525388226.392253
4625,0.6600000000000004,0.9700000000000006,5331045434.883498
4626,0.6700000000000004,0.9700000000000006,5133602180.762529
4627,0.6800000000000004,0.9700000000000006,4933165915.964586
4628,0.6900000000000004,0.9700000000000006,4729866880.546109
4629,0.7000000000000004,0.9700000000000006,4523860728.998073
4630,0.7100000000000004,0.9700000000000006,4315331426.509258
4631,0.7200000000000004,0.9700000000000006,4104494442.132724
4632,0.7300000000000004,0.9700000000000006,3891600268.488653
4633,0.7400000000000004,0.9700000000000006,3676938300.584223
4634,0.7500000000000004,0.9700000000000006,3460841109.573056
4635,0.7600000000000005,0.9700000000000006,3243689150.8424525
4636,0.7700000000000005,0.9700000000000006,3025915949.738817
4637,0.7800000000000005,0.9700000000000006,2808013812.5562935
4638,0.7900000000000005,0.9700000000000006,2590540115.159643
4639,0.8000000000000005,0.9700000000000006,2374124226.8338366
4640,0.8100000000000005,0.9700000000000006,2159475132.6971383
4641,0.8200000000000005,0.9700000000000006,1947389824.334216
4642,0.8300000000000005,0.9700000000000006,1738762535.259232
4643,0.8400000000000005,0.9700000000000006,1534594905.469561
4644,0.8500000000000005,0.9700000000000006,1336007167.7689009
4645,0.8600000000000005,0.9700000000000006,1144250457.8017247
4646,0.8700000000000006,0.9700000000000006,960720359.9340682
4647,0.8800000000000006,0.9700000000000006,786971812.3324143
4648,0.8900000000000006,0.9700000000000006,624735506.9363462
4649,0.9000000000000006,0.9700000000000006,475935933.6047586
4650,0.9100000000000006,0.9700000000000006,342711232.6655829
4651,0.9200000000000006,0.9700000000000006,227435036.55207318
4652,0.9300000000000006,0.9700000000000006,132740499.3171338
4653,0.9400000000000006,0.9700000000000006,61546732.7471456
4654,0.9500000000000006,0.9700000000000006,17087889.73251721
4655,0.9600000000000006,0.9700000000000006,2945159.69574553
4656,0.01,0.9800000000000006,12348233360.062098
4657,0.02,0.9800000000000006,12300950948.970442
4658,0.03,0.9800000000000006,12252594016.875195
4659,0.04,0.9800000000000006,12203140918.67368
4660,0.05,0.9800000000000006,12152569271.310925
4661,0.060000000000000005,0.9800000000000006,12100855936.468908
4662,0.07,0.9800000000000006,12047977003.046724
4663,0.08,0.9800000000000006,11993907769.469141
4664,0.09,0.9800000000000006,11938622725.866644
4665,0.09999999999999999,0.9800000000000006,11882095536.1758
4666,0.10999999999999999,0.9800000000000006,11824299020.215506
4667,0.11999999999999998,0.9800000000000006,11765205135.801882
4668,0.12999999999999998,0.9800000000000006,11704784960.972645
4669,0.13999999999999999,0.9800000000000006,11643008676.400839
4670,0.15,0.9800000000000006,11579845548.087372
4671,0.16,0.9800000000000006,11515263910.433046
4672,0.17,0.9800000000000006,11449231149.802471
4673,0.18000000000000002,0.9800000000000006,11381713688.705648
4674,0.19000000000000003,0.9800000000000006,11312676970.737595
4675,0.20000000000000004,0.9800000000000006,11242085446.432447
4676,0.21000000000000005,0.9800000000000006,11169902560.206264
4677,0.22000000000000006,0.9800000000000006,11096090738.58223
4678,0.23000000000000007,0.9800000000000006,11020611379.913595
4679,0.24000000000000007,0.9800000000000006,10943424845.843193
4680,0.25000000000000006,0.9800000000000006,10864490454.764688
4681,0.26000000000000006,0.9800000000000006,10783766477.579191
4682,0.2700000000000001,0.9800000000000006,10701210136.072598
4683,0.2800000000000001,0.9800000000000006,10616777604.27364
4684,0.2900000000000001,0.9800000000000006,10530424013.190954
4685,0.3000000000000001,0.9800000000000006,10442103459.3693
4686,0.3100000000000001,0.9800000000000006,10351769017.751453
4687,0.3200000000000001,0.9800000000000006,10259372759.382885
4688,0.3300000000000001,0.9800000000000006,10164865774.552336
4689,0.34000000000000014,0.9800000000000006,10068198202.022552
4690,0.35000000000000014,0.9800000000000006,9969319265.073051
4691,0.36000000000000015,0.9800000000000006,9868177315.150803
4692,0.37000000000000016,0.9800000000000006,9764719884.006136
4693,0.38000000000000017,0.9800000000000006,9658893745.280724
4694,0.3900000000000002,0.9800000000000006,9550644986.6128
4695,0.4000000000000002,0.9800000000000006,9439919093.432762
4696,0.4100000000000002,0.9800000000000006,9326661045.74107
4697,0.4200000000000002,0.9800000000000006,9210815429.290817
4698,0.4300000000000002,0.9800000000000006,9092326562.740467
4699,0.4400000000000002,0.9800000000000006,8971138642.49991
4700,0.45000000000000023,0.9800000000000006,8847195907.165775
4701,0.46000000000000024,0.9800000000000006,8720442823.63207
4702,0.47000000000000025,0.9800000000000006,8590824297.170961
4703,0.48000000000000026,0.9800000000000006,8458285908.007852
4704,0.49000000000000027,0.9800000000000006,8322774177.167012
4705,0.5000000000000002,0.9800000000000006,8184236864.640839
4706,0.5100000000000002,0.9800000000000006,8042623303.240078
4707,0.5200000000000002,0.9800000000000006,7897884771.816586
4708,0.5300000000000002,0.9800000000000006,7749974911.917557
4709,0.5400000000000003,0.9800000000000006,7598850192.3336315
4710,0.5500000000000003,0.9800000000000006,7444470426.446857
4711,0.5600000000000003,0.9800000000000006,7286799347.77173
4712,0.5700000000000003,0.9800000000000006,7125805249.618149
4713,0.5800000000000003,0.9800000000000006,6961461695.39353
4714,0.5900000000000003,0.9800000000000006,6793748306.708233
4715,0.6000000000000003,0.9800000000000006,6622651637.159278
4716,0.6100000000000003,0.9800000000000006,6448166140.448519
4717,0.6200000000000003,0.9800000000000006,6270295242.350426
4718,0.6300000000000003,0.9800000000000006,6089052526.988346
4719,0.6400000000000003,0.9800000000000006,5904463048.915866
4720,0.6500000000000004,0.9800000000000006,5716564783.640542
4721,0.6600000000000004,0.9800000000000006,5525410230.481169
4722,0.6700000000000004,0.9800000000000006,5331068183.028457
4723,0.6800000000000004,0.9800000000000006,5133625683.9946375
4724,0.6900000000000004,0.9800000000000006,4933190182.904067
4725,0.7000000000000004,0.9800000000000006,4729891916.90933
4726,0.7100000000000004,0.9800000000000006,4523886537.032337
4727,0.7200000000000004,0.9800000000000006,4315358004.345623
4728,0.7300000000000004,0.9800000000000006,4104521783.04581
4729,0.7400000000000004,0.9800000000000006,3891628360.050975
4730,0.7500000000000004,0.9800000000000006,3676967123.7009535
4731,0.7600000000000005,0.9800000000000006,3460870637.381201
4732,0.7700000000000005,0.9800000000000006,3243719347.456377
4733,0.7800000000000005,0.9800000000000006,3025946768.8216963
4734,0.7900000000000005,0.9800000000000006,2808045195.6942782
4735,0.8000000000000005,0.9800000000000006,2590571990.0125403
4736,0.8100000000000005,0.9800000000000006,2374156505.0326605
4737,0.8200000000000005,0.9800000000000006,2159507707.454936
4738,0.8300000000000005,0.9800000000000006,1947422567.7321265
4739,0.8400000000000005,0.9800000000000006,1738795295.1647696
4740,0.8500000000000005,0.9800000000000006,1534627502.0383406
4741,0.8600000000000005,0.9800000000000006,1336039389.4746687
4742,0.8700000000000006,0.9800000000000006,1144282056.9321537
4743,0.8800000000000006,0.9800000000000006,960751047.4815401
4744,0.8900000000000006,0.9800000000000006,787001252.199636
4745,0.9000000000000006,0.9800000000000006,624763309.365921
4746,0.9100000000000006,0.9800000000000006,475961647.7298569
4747,0.9200000000000006,0.9800000000000006,342734338.0650518
4748,0.9300000000000006,0.9800000000000006,227454933.6779006
4749,0.9400000000000006,0.9800000000000006,132756498.64443797
4750,0.9500000000000006,0.9800000000000006,61558042.47695376
4751,0.9600000000000006,0.9800000000000006,17093601.8548762
4752,0.9700000000000006,0.9800000000000006,2944234.194901604
4753,0.01,0.9900000000000007,12394464429.700012
4754,0.02,0.9900000000000007,12348235689.182524
4755,0.03,0.9900000000000007,12300953354.293777
4756,0.04,0.9900000000000007,12252596500.91713
4757,0.05,0.9900000000000007,12203143484.05704
4758,0.060000000000000005,0.9900000000000007,12152571920.770504
4759,0.07,0.9900000000000007,12100858672.85656
4760,0.08,0.9900000000000007,12047979829.336628
4761,0.09,0.9900000000000007,11993910688.763325
4762,0.09999999999999999,0.9900000000000007,11938625741.400743
4763,0.10999999999999999,0.9900000000000007,11882098651.325077
4764,0.11999999999999998,0.9900000000000007,11824302238.501116
4765,0.12999999999999998,0.9900000000000007,11765208460.897406
4766,0.13999999999999999,0.9900000000000007,11704788396.71092
4767,0.15,0.9900000000000007,11643012226.781033
4768,0.16,0.9900000000000007,11579849217.282394
4769,0.17,0.9900000000000007,11515267702.797237
4770,0.18000000000000002,0.9900000000000007,11449235069.879593
4771,0.19000000000000003,0.9900000000000007,11381717741.237206
4772,0.20000000000000004,0.9900000000000007,11312681160.671455
4773,0.21000000000000005,0.9900000000000007,11242089778.9318
4774,0.22000000000000006,0.9900000000000007,11169907040.6589
4775,0.23000000000000007,0.9900000000000007,11096095372.610138
4776,0.24000000000000007,0.9900000000000007,11020616173.3829
4777,0.25000000000000006,0.9900000000000007,10943429804.874409
4778,0.26000000000000006,0.9900000000000007,10864495585.74329
4779,0.2700000000000001,0.9900000000000007,10783771787.166496
4780,0.2800000000000001,0.9900000000000007,10701215631.216946
4781,0.2900000000000001,0.9900000000000007,10616783292.221859
4782,0.3000000000000001,0.9900000000000007,10530429901.50007
4783,0.3100000000000001,0.9900000000000007,10442109555.918505
4784,0.3200000000000001,0.9900000000000007,10351775330.75425
4785,0.3300000000000001,0.9900000000000007,10259379297.399416
4786,0.34000000000000014,0.9900000000000007,10164872546.501804
4787,0.35000000000000014,0.9900000000000007,10068205217.195711
4788,0.36000000000000015,0.9900000000000007,9969326533.144663
4789,0.37000000000000016,0.9900000000000007,9868184846.19202
4790,0.38000000000000017,0.9900000000000007,9764727688.496666
4791,0.3900000000000002,0.9900000000000007,9658901834.120708
4792,0.4000000000000002,0.9900000000000007,9550653371.134243
4793,0.4100000000000002,0.9900000000000007,9439927785.410355
4794,0.4200000000000002,0.9900000000000007,9326670057.402287
4795,0.4300000000000002,0.9900000000000007,9210824773.324984
4796,0.4400000000000002,0.9900000000000007,9092336252.30666
4797,0.45000000000000023,0.9900000000000007,8971148691.233347
4798,0.46000000000000024,0.9900000000000007,8847206329.182428
4799,0.47000000000000025,0.9900000000000007,8720453633.531115
4800,0.48000000000000026,0.9900000000000007,8590835510.034657
4801,0.49000000000000027,0.9900000000000007,8458297539.3983965
4802,0.5000000000000002,0.9900000000000007,8322786243.11982
4803,0.5100000000000002,0.9900000000000007,8184249381.653633
4804,0.5200000000000002,0.9900000000000007,8042636288.257108
4805,0.5300000000000002,0.9900000000000007,7897898242.20717
4806,0.5400000000000003,0.9900000000000007,7749988885.448023
4807,0.5500000000000003,0.9900000000000007,7598864687.131672
4808,0.5600000000000003,0.9900000000000007,7444485460.957081
4809,0.5700000000000003,0.9900000000000007,7286814940.701124
4810,0.5800000000000003,0.9900000000000007,7125821419.869895
4811,0.5900000000000003,0.9900000000000007,6961478461.9875
4812,0.6000000000000003,0.9900000000000007,6793765688.686212
4813,0.6100000000000003,0.9900000000000007,6622669653.472684
4814,0.6200000000000003,0.9900000000000007,6448184809.82615
4815,0.6300000000000003,0.9900000000000007,6270314583.1434145
4816,0.6400000000000003,0.9900000000000007,6089072556.989036
4817,0.6500000000000004,0.9900000000000007,5904483785.147072
4818,0.6600000000000004,0.9900000000000007,5716586242.111015
4819,0.6700000000000004,0.9900000000000007,5525432425.902611
4820,0.6800000000000004,0.9900000000000007,5331091128.488821
4821,0.6900000000000004,0.9900000000000007,5133649390.581718
4822,0.7000000000000004,0.9900000000000007,4933214659.272627
4823,0.7100000000000004,0.9900000000000007,4729917168.7841
4824,0.7200000000000004,0.9900000000000007,4523912566.638205
4825,0.7300000000000004,0.9900000000000007,4315384809.755246
4826,0.7400000000000004,0.9900000000000007,4104549357.433487
4827,0.7500000000000004,0.9900000000000007,3891656690.840275
4828,0.7600000000000005,0.9900000000000007,3676996191.5918236
4829,0.7700000000000005,0.9900000000000007,3460900415.2405233
4830,0.7800000000000005,0.9900000000000007,3243749799.053723
4831,0.7900000000000005,0.9900000000000007,3025977847.389692
4832,0.8000000000000005,0.9900000000000007,2808076842.290236
4833,0.8100000000000005,0.9900000000000007,2590604131.6549997
4834,0.8200000000000005,0.9900000000000007,2374189052.582938
4835,0.8300000000000005,0.9900000000000007,2159540553.2098546
4836,0.8400000000000005,0.9900000000000007,1947455582.6896513
4837,0.8500000000000005,0.9900000000000007,1738828325.9192266
4838,0.8600000000000005,0.9900000000000007,1534660367.256125
4839,0.8700000000000006,0.9900000000000007,1336071875.894864
4840,0.8800000000000006,0.9900000000000007,1144313914.8291826
4841,0.8900000000000006,0.9900000000000007,960781985.518542
4842,0.9000000000000006,0.9900000000000007,787030931.5918704
4843,0.9100000000000006,0.9900000000000007,624791337.2627441
4844,0.9200000000000006,0.9900000000000007,475987569.71170217
4845,0.9300000000000006,0.9900000000000007,342757629.6380141
4846,0.9400000000000006,0.9900000000000007,227474990.63291425
4847,0.9500000000000006,0.9900000000000007,132772626.13030049
4848,0.9600000000000006,0.9900000000000007,61569442.61632534
4849,0.9700000000000006,0.9900000000000007,17099359.709509254
4850,0.9800000000000006,0.9900000000000007,2943301.860504405
